Date,Open,High,Low,Close,Adj Close,Volume
2010-01-04,36.90999984741211,38.2400016784668,36.900001525878906,38.09000015258789,31.616336822509766,712900
2010-01-05,38.70000076293945,38.70000076293945,37.599998474121094,38.02000045776367,31.5582218170166,398900
2010-01-06,37.959999084472656,38.47999954223633,37.88999938964844,38.09000015258789,31.616336822509766,717200
2010-01-07,38.029998779296875,38.16999816894531,37.79999923706055,37.81999969482422,31.392230987548828,603700
2010-01-08,37.65999984741211,38.56999969482422,37.65999984741211,38.38999938964844,31.86534881591797,759000
2010-01-11,38.63999938964844,38.790000915527344,37.86000061035156,38.220001220703125,31.724245071411133,763000
2010-01-12,37.88999938964844,38.040000915527344,37.400001525878906,37.689998626708984,31.284313201904297,323400
2010-01-13,37.900001525878906,38.11000061035156,37.4900016784668,38.06999969482422,31.599735260009766,330500
2010-01-14,38.0099983215332,38.290000915527344,37.709999084472656,37.91999816894531,31.475238800048828,221100
2010-01-15,38.79999923706055,38.88999938964844,37.63999938964844,37.88999938964844,31.450321197509766,450400
2010-01-19,37.970001220703125,38.369998931884766,37.88999938964844,38.369998931884766,31.848745346069336,474100
2010-01-20,37.90999984741211,38.08000183105469,37.59000015258789,37.959999084472656,31.508432388305664,360900
2010-01-21,37.88999938964844,38.290000915527344,37.119998931884766,37.119998931884766,30.81118392944336,624700
2010-01-22,37.0,37.290000915527344,35.970001220703125,36.09000015258789,29.95623779296875,607800
2010-01-25,36.630001068115234,37.099998474121094,36.400001525878906,36.5,30.296567916870117,831500
2010-01-26,37.11000061035156,38.779998779296875,37.08000183105469,37.369998931884766,31.018701553344727,1156200
2010-01-27,37.2599983215332,37.619998931884766,36.54999923706055,36.86000061035156,30.595373153686523,669000
2010-01-28,36.95000076293945,37.040000915527344,36.0099983215332,36.439998626708984,30.24677085876465,545300
2010-01-29,36.560001373291016,36.869998931884766,35.720001220703125,35.720001220703125,29.64913558959961,852200
2010-02-01,35.95000076293945,36.349998474121094,35.79999923706055,36.25,30.089048385620117,1012700
2010-02-02,36.380001068115234,37.119998931884766,35.9900016784668,36.900001525878906,30.628582000732422,951800
2010-02-03,36.779998779296875,37.29999923706055,36.54999923706055,36.630001068115234,30.40447425842285,704100
2010-02-04,36.220001220703125,36.47999954223633,35.38999938964844,35.38999938964844,29.37520408630371,486000
2010-02-05,35.47999954223633,35.68000030517578,34.4900016784668,35.15999984741211,29.184309005737305,759400
2010-02-08,35.20000076293945,35.29999923706055,34.560001373291016,34.86000061035156,28.93529510498047,682600
2010-02-09,35.58000183105469,35.650001525878906,34.93000030517578,35.31999969482422,29.317115783691406,440500
2010-02-10,35.11000061035156,35.529998779296875,34.59000015258789,35.380001068115234,29.366910934448242,417500
2010-02-11,35.29999923706055,35.959999084472656,34.959999084472656,35.869998931884766,29.773637771606445,407100
2010-02-12,35.40999984741211,36.650001525878906,35.31999969482422,36.599998474121094,30.379575729370117,788700
2010-02-16,36.91999816894531,37.709999084472656,36.77000045776367,37.709999084472656,31.300914764404297,633600
2010-02-17,37.880001068115234,38.040000915527344,37.52000045776367,37.77000045776367,31.3507137298584,946500
2010-02-18,37.77000045776367,38.11000061035156,37.7599983215332,37.869998931884766,31.433732986450195,708300
2010-02-19,37.84000015258789,38.290000915527344,37.70000076293945,38.130001068115234,31.649539947509766,462500
2010-02-22,38.34000015258789,38.34000015258789,37.81999969482422,38.13999938964844,31.657835006713867,285400
2010-02-23,37.91999816894531,38.20000076293945,36.7400016784668,36.970001220703125,30.686689376831055,710900
2010-02-24,37.040000915527344,37.36000061035156,36.65999984741211,36.880001068115234,30.611984252929688,734400
2010-02-25,36.43000030517578,37.08000183105469,36.11000061035156,36.90999984741211,30.636878967285156,648700
2010-02-26,37.04999923706055,37.529998779296875,36.66999816894531,37.4900016784668,31.118303298950195,632600
2010-03-01,37.560001373291016,39.459999084472656,37.560001373291016,39.439998626708984,32.73688888549805,1212000
2010-03-02,39.86000061035156,40.86000061035156,39.849998474121094,40.33000183105469,33.47563934326172,1359800
2010-03-03,40.290000915527344,40.630001068115234,40.09000015258789,40.349998474121094,33.49222183227539,597800
2010-03-04,40.31999969482422,40.7400016784668,40.08000183105469,40.290000915527344,33.44243240356445,338200
2010-03-05,40.52000045776367,41.439998626708984,40.34000015258789,41.16999816894531,34.17285919189453,565400
2010-03-08,41.08000183105469,41.77000045776367,41.08000183105469,41.25,34.23926544189453,466500
2010-03-09,41.0,41.290000915527344,40.599998474121094,41.0,34.03174591064453,360000
2010-03-10,40.90999984741211,41.4900016784668,40.70000076293945,41.33000183105469,34.305686950683594,358300
2010-03-11,40.90999984741211,41.400001525878906,40.459999084472656,41.400001525878906,34.48057556152344,359300
2010-03-12,41.65999984741211,42.09000015258789,41.65999984741211,41.939998626708984,34.93031692504883,863300
2010-03-15,41.849998474121094,42.41999816894531,41.75,42.20000076293945,35.1468620300293,760200
2010-03-16,42.40999984741211,42.720001220703125,42.29999923706055,42.599998474121094,35.480010986328125,924800
2010-03-17,42.779998779296875,43.0,42.66999816894531,42.83000183105469,35.671566009521484,485600
2010-03-18,42.70000076293945,43.0,42.459999084472656,42.849998474121094,35.688232421875,331500
2010-03-19,42.2400016784668,43.11000061035156,42.16999816894531,42.2400016784668,35.18018341064453,646200
2010-03-22,41.970001220703125,43.20000076293945,41.79999923706055,43.04999923706055,35.85479736328125,431000
2010-03-23,43.16999816894531,43.380001068115234,42.65999984741211,43.20000076293945,35.9797248840332,420400
2010-03-24,43.040000915527344,43.119998931884766,42.400001525878906,42.5099983215332,35.405052185058594,428700
2010-03-25,42.93000030517578,43.13999938964844,41.79999923706055,41.83000183105469,34.83871078491211,455100
2010-03-26,41.869998931884766,42.2400016784668,41.0099983215332,41.470001220703125,34.53887939453125,869000
2010-03-29,41.709999084472656,42.599998474121094,41.709999084472656,42.150001525878906,35.1052360534668,745500
2010-03-30,42.290000915527344,42.650001525878906,41.939998626708984,42.529998779296875,35.42171096801758,427900
2010-03-31,42.400001525878906,43.79999923706055,42.380001068115234,42.630001068115234,35.5049934387207,993700
2010-04-01,43.15999984741211,43.439998626708984,42.459999084472656,42.869998931884766,35.70488357543945,571400
2010-04-05,42.93000030517578,43.2400016784668,42.779998779296875,43.15999984741211,35.946407318115234,467300
2010-04-06,43.0099983215332,43.66999816894531,42.779998779296875,43.619998931884766,36.32952880859375,638000
2010-04-07,43.650001525878906,44.04999923706055,43.369998931884766,43.61000061035156,36.32118606567383,540300
2010-04-08,43.369998931884766,43.70000076293945,42.900001525878906,43.68000030517578,36.37949752807617,311600
2010-04-09,43.7599983215332,44.310001373291016,43.439998626708984,44.310001373291016,36.90422439575195,333100
2010-04-12,44.369998931884766,44.5,43.310001373291016,43.5099983215332,36.23792266845703,454300
2010-04-13,43.369998931884766,43.380001068115234,42.93000030517578,43.13999938964844,35.92974853515625,614200
2010-04-14,43.439998626708984,44.61000061035156,43.34000015258789,44.52000045776367,37.07910919189453,674800
2010-04-15,44.38999938964844,44.75,44.18000030517578,44.5099983215332,37.07078170776367,487600
2010-04-16,44.38999938964844,44.86000061035156,43.81999969482422,43.900001525878906,36.5627326965332,657600
2010-04-19,43.630001068115234,43.86000061035156,42.880001068115234,43.72999954223633,36.42115020751953,451100
2010-04-20,44.13999938964844,44.279998779296875,43.75,44.20000076293945,36.81258773803711,368300
2010-04-21,44.349998474121094,44.400001525878906,43.7400016784668,43.81999969482422,36.496097564697266,778700
2010-04-22,43.4900016784668,44.13999938964844,43.43000030517578,43.91999816894531,36.57938766479492,1313800
2010-04-23,44.11000061035156,44.77000045776367,43.38999938964844,44.65999984741211,37.19571304321289,1208000
2010-04-26,44.54999923706055,45.31999969482422,44.43000030517578,44.790000915527344,37.303977966308594,721200
2010-04-27,44.689998626708984,45.540000915527344,44.0,44.25,36.85422134399414,1851700
2010-04-28,44.720001220703125,45.689998626708984,44.11000061035156,45.2400016784668,37.67877960205078,1314600
2010-04-29,45.779998779296875,46.75,45.599998474121094,46.4900016784668,38.7198486328125,867100
2010-04-30,46.56999969482422,46.970001220703125,45.56999969482422,45.65999984741211,38.0285758972168,891400
2010-05-03,46.0,46.34000015258789,45.56999969482422,46.0,38.31175231933594,1112800
2010-05-04,45.33000183105469,45.45000076293945,43.9900016784668,44.43000030517578,37.004146575927734,1219500
2010-05-05,43.97999954223633,44.060001373291016,42.970001220703125,43.130001068115234,35.92142868041992,1010400
2010-05-06,42.84000015258789,43.560001373291016,38.47999954223633,40.790000915527344,33.97252655029297,2202500
2010-05-07,40.43000030517578,40.43000030517578,38.310001373291016,39.22999954223633,32.67326354980469,2738400
2010-05-10,41.119998931884766,43.630001068115234,41.119998931884766,42.650001525878906,35.52165985107422,1386500
2010-05-11,42.08000183105469,43.02000045776367,41.61000061035156,42.2599983215332,35.196834564208984,1140300
2010-05-12,42.470001220703125,43.52000045776367,42.470001220703125,43.470001220703125,36.2046012878418,797600
2010-05-13,43.130001068115234,43.66999816894531,42.91999816894531,43.119998931884766,35.91310119628906,517400
2010-05-14,42.70000076293945,42.72999954223633,41.61000061035156,41.9900016784668,34.971961975097656,969200
2010-05-17,42.13999938964844,42.38999938964844,40.369998931884766,41.709999084472656,34.73876953125,1014400
2010-05-18,42.38999938964844,42.63999938964844,41.689998626708984,41.970001220703125,34.955299377441406,1732600
2010-05-19,41.84000015258789,42.11000061035156,40.900001525878906,41.56999969482422,34.622154235839844,1703000
2010-05-20,40.0099983215332,41.15999984741211,39.63999938964844,39.91999816894531,33.24794387817383,2919400
2010-05-21,39.09000015258789,40.880001068115234,38.779998779296875,40.81999969482422,33.99752426147461,1308300
2010-05-24,40.52000045776367,41.33000183105469,40.45000076293945,40.529998779296875,33.7559814453125,866400
2010-05-25,39.18000030517578,40.54999923706055,38.209999084472656,40.43000030517578,33.67268371582031,1825600
2010-05-26,40.75,42.209999084472656,40.709999084472656,41.45000076293945,34.52222442626953,1408900
2010-05-27,42.47999954223633,43.27000045776367,41.939998626708984,43.27000045776367,36.03802490234375,616600
2010-05-28,43.2599983215332,43.709999084472656,42.79999923706055,43.060001373291016,35.863136291503906,1083900
2010-06-01,42.75,43.09000015258789,41.540000915527344,41.540000915527344,34.59717559814453,650900
2010-06-02,42.400001525878906,42.849998474121094,41.29999923706055,42.849998474121094,35.688232421875,603400
2010-06-03,42.9900016784668,43.13999938964844,42.41999816894531,43.0,35.81316375732422,606900
2010-06-04,40.58000183105469,42.70000076293945,40.189998626708984,41.04999923706055,34.189064025878906,1510700
2010-06-07,41.09000015258789,41.310001373291016,39.72999954223633,39.869998931884766,33.206298828125,1504500
2010-06-08,39.63999938964844,40.18000030517578,38.66999816894531,39.33000183105469,32.75653839111328,2074300
2010-06-09,39.75,40.95000076293945,39.5099983215332,39.880001068115234,33.214637756347656,1193600
2010-06-10,40.86000061035156,42.029998779296875,40.83000183105469,41.83000183105469,34.83871078491211,1064800
2010-06-11,41.119998931884766,42.2599983215332,41.119998931884766,42.16999816894531,35.239837646484375,620500
2010-06-14,42.59000015258789,43.130001068115234,41.880001068115234,42.040000915527344,35.131187438964844,872800
2010-06-15,42.349998474121094,43.22999954223633,42.310001373291016,43.220001220703125,36.11727523803711,631800
2010-06-16,42.81999969482422,43.310001373291016,42.689998626708984,42.86000061035156,35.81643295288086,563200
2010-06-17,43.209999084472656,43.25,42.189998626708984,42.540000915527344,35.54901885986328,918200
2010-06-18,42.560001373291016,42.939998626708984,42.290000915527344,42.72999954223633,35.707794189453125,899200
2010-06-21,43.400001525878906,44.099998474121094,42.619998931884766,42.970001220703125,35.9083366394043,648400
2010-06-22,42.939998626708984,43.04999923706055,41.61000061035156,41.65999984741211,34.81363296508789,961600
2010-06-23,41.65999984741211,41.880001068115234,40.7599983215332,41.40999984741211,34.6047248840332,946500
2010-06-24,41.11000061035156,41.45000076293945,40.369998931884766,40.52000045776367,33.86098098754883,677100
2010-06-25,40.63999938964844,41.52000045776367,40.279998779296875,40.56999969482422,33.902767181396484,2780000
2010-06-28,40.900001525878906,41.79999923706055,40.599998474121094,41.15999984741211,34.395816802978516,1281300
2010-06-29,40.29999923706055,40.54999923706055,39.7599983215332,40.0,33.426422119140625,1317800
2010-06-30,40.0099983215332,41.099998474121094,39.599998474121094,39.709999084472656,33.184104919433594,735600
2010-07-01,39.630001068115234,40.029998779296875,38.470001220703125,39.58000183105469,33.07546615600586,820400
2010-07-02,39.91999816894531,39.959999084472656,38.84000015258789,39.20000076293945,32.75791549682617,580000
2010-07-06,39.959999084472656,40.34000015258789,38.7400016784668,39.099998474121094,32.67435073852539,753000
2010-07-07,39.25,40.869998931884766,39.25,40.869998931884766,34.15346145629883,1024200
2010-07-08,41.290000915527344,41.72999954223633,40.93000030517578,41.459999084472656,34.64650344848633,488100
2010-07-09,41.5,41.83000183105469,41.189998626708984,41.529998779296875,34.70499801635742,736400
2010-07-12,41.27000045776367,41.43000030517578,40.369998931884766,40.7400016784668,34.04482650756836,801600
2010-07-13,41.29999923706055,42.43000030517578,41.060001373291016,42.25,35.30668258666992,491400
2010-07-14,41.97999954223633,41.9900016784668,41.380001068115234,41.790000915527344,34.922271728515625,1054200
2010-07-15,41.70000076293945,42.16999816894531,40.939998626708984,41.939998626708984,35.04761505126953,666400
2010-07-16,41.66999816894531,41.66999816894531,40.11000061035156,40.310001373291016,33.68548583984375,737400
2010-07-19,40.56999969482422,40.779998779296875,39.849998474121094,40.77000045776367,34.069889068603516,438500
2010-07-20,40.06999969482422,41.70000076293945,39.849998474121094,41.650001525878906,34.80528259277344,599600
2010-07-21,42.13999938964844,42.61000061035156,41.13999938964844,41.29999923706055,34.5128059387207,715300
2010-07-22,42.20000076293945,43.31999969482422,42.06999969482422,43.2599983215332,36.150691986083984,1048800
2010-07-23,43.189998626708984,44.34000015258789,43.119998931884766,44.220001220703125,36.95293426513672,566500
2010-07-26,44.5,45.95000076293945,44.18000030517578,45.25,37.813663482666016,1141500
2010-07-27,45.7400016784668,46.310001373291016,43.130001068115234,44.5,37.18690490722656,1567000
2010-07-28,44.54999923706055,44.54999923706055,42.959999084472656,43.29999923706055,36.184112548828125,1588900
2010-07-29,43.869998931884766,44.04999923706055,42.86000061035156,43.400001525878906,36.267677307128906,874100
2010-07-30,42.7400016784668,43.970001220703125,42.72999954223633,43.619998931884766,36.451515197753906,728500
2010-08-02,44.459999084472656,45.040000915527344,44.25,44.650001525878906,37.3122673034668,470200
2010-08-03,44.34000015258789,44.63999938964844,43.75,44.290000915527344,37.011417388916016,567500
2010-08-04,44.38999938964844,45.38999938964844,44.18000030517578,45.38999938964844,37.93064880371094,616600
2010-08-05,45.08000183105469,45.58000183105469,45.0,45.27000045776367,37.83037185668945,356800
2010-08-06,44.72999954223633,45.630001068115234,44.560001373291016,45.40999984741211,37.947364807128906,740800
2010-08-09,45.66999816894531,45.95000076293945,45.31999969482422,45.869998931884766,38.33176803588867,452300
2010-08-10,45.11000061035156,45.310001373291016,44.43000030517578,44.9900016784668,37.59638214111328,694700
2010-08-11,43.790000915527344,43.93000030517578,42.97999954223633,43.279998779296875,36.16740417480469,577500
2010-08-12,42.34000015258789,42.810001373291016,41.91999816894531,42.15999984741211,35.23147201538086,1178700
2010-08-13,41.7400016784668,42.400001525878906,41.650001525878906,41.72999954223633,34.87214279174805,1103400
2010-08-16,41.470001220703125,42.119998931884766,41.310001373291016,41.810001373291016,34.93899154663086,1067400
2010-08-17,42.29999923706055,43.439998626708984,42.290000915527344,42.86000061035156,35.81643295288086,864700
2010-08-18,42.86000061035156,43.099998474121094,42.52000045776367,42.93000030517578,35.874916076660156,684200
2010-08-19,42.560001373291016,42.68000030517578,41.529998779296875,41.869998931884766,34.9891242980957,476800
2010-08-20,41.56999969482422,41.720001220703125,40.720001220703125,41.22999954223633,34.45429992675781,1034000
2010-08-23,41.439998626708984,41.66999816894531,40.689998626708984,40.810001373291016,34.10331344604492,499400
2010-08-24,40.29999923706055,40.40999984741211,39.81999969482422,40.029998779296875,33.45151138305664,677800
2010-08-25,39.61000061035156,40.04999923706055,39.0099983215332,39.91999816894531,33.359588623046875,1039400
2010-08-26,40.119998931884766,40.4900016784668,39.63999938964844,39.689998626708984,33.16738510131836,891600
2010-08-27,40.16999816894531,40.650001525878906,38.75,40.63999938964844,33.961246490478516,1098700
2010-08-30,40.40999984741211,40.56999969482422,39.88999938964844,39.88999938964844,33.334510803222656,540000
2010-08-31,39.720001220703125,40.4900016784668,39.34000015258789,40.09000015258789,33.501644134521484,796500
2010-09-01,40.939998626708984,42.09000015258789,40.599998474121094,41.939998626708984,35.04761505126953,735100
2010-09-02,41.81999969482422,42.470001220703125,41.709999084472656,42.38999938964844,35.423675537109375,469500
2010-09-03,43.0,43.58000183105469,43.0,43.31999969482422,36.200809478759766,523100
2010-09-07,43.040000915527344,43.31999969482422,42.2599983215332,42.349998474121094,35.390235900878906,568700
2010-09-08,42.4900016784668,42.849998474121094,42.400001525878906,42.459999084472656,35.48215866088867,456400
2010-09-09,43.040000915527344,43.04999923706055,41.63999938964844,41.65999984741211,34.81363296508789,722400
2010-09-10,41.720001220703125,41.849998474121094,40.9900016784668,41.040000915527344,34.295528411865234,926900
2010-09-13,41.470001220703125,42.2599983215332,41.369998931884766,42.130001068115234,35.3269157409668,874600
2010-09-14,41.9900016784668,42.650001525878906,41.77000045776367,42.31999969482422,35.48623275756836,710500
2010-09-15,42.31999969482422,43.349998474121094,42.20000076293945,43.25,36.26605224609375,715200
2010-09-16,43.33000183105469,43.38999938964844,43.02000045776367,43.150001525878906,36.18220138549805,859200
2010-09-17,43.36000061035156,43.599998474121094,43.0,43.380001068115234,36.37505340576172,823600
2010-09-20,43.630001068115234,44.2400016784668,42.97999954223633,44.18000030517578,37.04588317871094,636000
2010-09-21,44.150001525878906,44.34000015258789,43.709999084472656,43.959999084472656,36.86140441894531,496300
2010-09-22,43.880001068115234,44.20000076293945,43.560001373291016,43.630001068115234,36.584693908691406,488900
2010-09-23,43.119998931884766,44.2599983215332,42.959999084472656,43.290000915527344,36.299591064453125,678600
2010-09-24,44.0,44.58000183105469,43.88999938964844,44.54999923706055,37.35612487792969,853000
2010-09-27,44.5,45.22999954223633,44.5,44.84000015258789,37.59929656982422,533800
2010-09-28,44.86000061035156,45.41999816894531,44.31999969482422,45.33000183105469,38.010169982910156,616000
2010-09-29,45.04999923706055,46.34000015258789,45.0099983215332,46.130001068115234,38.680992126464844,1552800
2010-09-30,46.4900016784668,47.150001525878906,46.189998626708984,46.810001373291016,39.25119400024414,2219400
2010-10-01,47.18000030517578,47.349998474121094,46.5,47.2599983215332,39.62853240966797,1432400
2010-10-04,47.130001068115234,47.29999923706055,46.15999984741211,46.70000076293945,39.15895080566406,682000
2010-10-05,47.400001525878906,48.279998779296875,47.060001373291016,48.13999938964844,40.366416931152344,945700
2010-10-06,48.06999969482422,48.18000030517578,47.2599983215332,47.91999816894531,40.18193817138672,716100
2010-10-07,48.2599983215332,48.709999084472656,47.61000061035156,47.75,40.039398193359375,1300100
2010-10-08,47.84000015258789,48.09000015258789,47.66999816894531,47.810001373291016,40.08970642089844,958800
2010-10-11,47.84000015258789,48.599998474121094,47.84000015258789,48.040000915527344,40.28255844116211,694600
2010-10-12,47.86000061035156,48.189998626708984,47.34000015258789,48.02000045776367,40.26578903198242,408600
2010-10-13,48.34000015258789,48.93000030517578,48.310001373291016,48.81999969482422,40.936607360839844,684800
2010-10-14,48.7400016784668,48.849998474121094,48.20000076293945,48.52000045776367,40.68505096435547,291200
2010-10-15,48.91999816894531,49.27000045776367,47.939998626708984,48.4900016784668,40.65988540649414,279500
2010-10-18,48.65999984741211,48.88999938964844,48.130001068115234,48.380001068115234,40.567665100097656,686000
2010-10-19,47.630001068115234,48.20000076293945,47.02000045776367,47.349998474121094,39.703983306884766,568300
2010-10-20,47.40999984741211,48.720001220703125,47.349998474121094,48.36000061035156,40.550899505615234,565400
2010-10-21,48.66999816894531,49.349998474121094,48.06999969482422,48.68000030517578,40.8192253112793,620800
2010-10-22,49.630001068115234,51.150001525878906,48.83000183105469,49.02000045776367,41.10431671142578,1576600
2010-10-25,49.650001525878906,50.86000061035156,49.540000915527344,50.06999969482422,41.984771728515625,839800
2010-10-26,49.529998779296875,50.689998626708984,49.43000030517578,50.16999816894531,42.06861877441406,576200
2010-10-27,49.81999969482422,49.88999938964844,49.06999969482422,49.84000015258789,41.79191207885742,612000
2010-10-28,50.119998931884766,50.29999923706055,49.310001373291016,49.470001220703125,41.481666564941406,620400
2010-10-29,49.27000045776367,50.2599983215332,49.189998626708984,50.130001068115234,42.03508377075195,462700
2010-11-01,50.59000015258789,50.86000061035156,49.88999938964844,50.189998626708984,42.08539581298828,372100
2010-11-02,50.83000183105469,51.15999984741211,50.619998931884766,50.75,42.55495071411133,477800
2010-11-03,50.70000076293945,51.06999969482422,50.45000076293945,50.9900016784668,42.75620651245117,770300
2010-11-04,51.630001068115234,52.939998626708984,51.5099983215332,52.779998779296875,44.25715255737305,1243700
2010-11-05,52.95000076293945,53.220001220703125,52.40999984741211,53.099998474121094,44.52548599243164,880200
2010-11-08,52.939998626708984,53.22999954223633,52.56999969482422,52.880001068115234,44.34101486206055,350300
2010-11-09,53.06999969482422,53.54999923706055,52.279998779296875,52.5,44.022361755371094,709600
2010-11-10,52.529998779296875,53.22999954223633,52.02000045776367,53.0,44.4416389465332,508800
2010-11-11,52.439998626708984,53.08000183105469,52.40999984741211,52.959999084472656,44.40808868408203,535600
2010-11-12,52.5099983215332,52.84000015258789,51.7400016784668,51.959999084472656,43.56956481933594,263900
2010-11-15,52.189998626708984,52.88999938964844,52.029998779296875,52.13999938964844,43.72050857543945,363100
2010-11-16,51.58000183105469,51.58000183105469,50.31999969482422,51.18000030517578,42.915531158447266,804200
2010-11-17,51.22999954223633,51.72999954223633,50.790000915527344,51.2400016784668,42.965843200683594,331800
2010-11-18,52.11000061035156,53.83000183105469,52.029998779296875,52.79999923706055,44.27393341064453,652500
2010-11-19,52.65999984741211,53.540000915527344,52.41999816894531,53.47999954223633,44.84412384033203,289000
2010-11-22,53.06999969482422,53.9900016784668,52.75,53.93000030517578,45.221466064453125,440800
2010-11-23,53.16999816894531,53.38999938964844,52.779998779296875,52.900001525878906,44.357784271240234,566000
2010-11-24,53.380001068115234,54.56999969482422,53.36000061035156,54.54999923706055,45.741329193115234,455400
2010-11-26,54.09000015258789,54.43000030517578,53.790000915527344,54.11000061035156,45.372379302978516,113100
2010-11-29,53.65999984741211,54.540000915527344,52.970001220703125,54.29999923706055,45.531707763671875,522700
2010-11-30,53.66999816894531,54.459999084472656,53.58000183105469,54.09000015258789,45.355621337890625,791900
2010-12-01,55.02000045776367,55.4900016784668,54.849998474121094,55.369998931884766,46.428924560546875,692300
2010-12-02,55.369998931884766,55.43000030517578,54.349998474121094,55.0,46.11865997314453,957400
2010-12-03,54.83000183105469,55.439998626708984,54.47999954223633,55.22999954223633,46.31153869628906,709600
2010-12-06,55.209999084472656,55.630001068115234,54.95000076293945,55.36000061035156,46.420555114746094,296200
2010-12-07,54.900001525878906,56.130001068115234,54.900001525878906,55.56999969482422,46.59663009643555,437700
2010-12-08,55.70000076293945,55.7400016784668,54.09000015258789,54.41999816894531,45.632328033447266,1319600
2010-12-09,54.81999969482422,55.11000061035156,54.349998474121094,55.06999969482422,46.1773681640625,472400
2010-12-10,55.27000045776367,55.540000915527344,55.08000183105469,55.38999938964844,46.44569778442383,387800
2010-12-13,55.4900016784668,55.810001373291016,54.91999816894531,55.04999923706055,46.27756118774414,390900
2010-12-14,55.2400016784668,56.060001373291016,55.16999816894531,55.63999938964844,46.7735481262207,486500
2010-12-15,55.349998474121094,56.630001068115234,54.7400016784668,54.810001373291016,46.075809478759766,1106800
2010-12-16,54.869998931884766,56.040000915527344,54.349998474121094,55.459999084472656,46.622249603271484,939100
2010-12-17,55.599998474121094,56.41999816894531,55.08000183105469,56.29999923706055,47.328372955322266,1163300
2010-12-20,56.29999923706055,56.65999984741211,55.689998626708984,55.779998779296875,46.89125442504883,568500
2010-12-21,55.970001220703125,57.34000015258789,55.869998931884766,56.72999954223633,47.68986129760742,463900
2010-12-22,56.88999938964844,56.91999816894531,55.86000061035156,56.15999984741211,47.21068572998047,334400
2010-12-23,56.150001525878906,56.540000915527344,56.02000045776367,56.150001525878906,47.20228958129883,171500
2010-12-27,55.970001220703125,56.15999984741211,55.54999923706055,56.04999923706055,47.11820983886719,179500
2010-12-28,56.20000076293945,56.209999084472656,55.58000183105469,55.93000030517578,47.0173454284668,226600
2010-12-29,56.0,56.66999816894531,56.0,56.36000061035156,47.378822326660156,338700
2010-12-30,56.20000076293945,56.68000030517578,56.08000183105469,56.130001068115234,47.185462951660156,153900
2010-12-31,56.060001373291016,56.31999969482422,55.7599983215332,55.779998779296875,46.89125442504883,301100
2011-01-03,56.119998931884766,57.119998931884766,55.72999954223633,55.86000061035156,46.95850372314453,663800
2011-01-04,56.08000183105469,56.18000030517578,54.72999954223633,55.34000015258789,46.5213623046875,715400
2011-01-05,55.0099983215332,55.33000183105469,54.68000030517578,55.15999984741211,46.37004470825195,503800
2011-01-06,55.380001068115234,55.54999923706055,54.709999084472656,54.810001373291016,46.075809478759766,651800
2011-01-07,54.959999084472656,55.130001068115234,54.33000183105469,54.68000030517578,45.966529846191406,486900
2011-01-10,54.36000061035156,55.47999954223633,53.7599983215332,55.04999923706055,46.27756118774414,723100
2011-01-11,55.400001525878906,56.18000030517578,55.189998626708984,55.79999923706055,46.908042907714844,501800
2011-01-12,56.400001525878906,58.959999084472656,56.400001525878906,58.810001373291016,49.43839645385742,1443800
2011-01-13,59.279998779296875,59.279998779296875,58.290000915527344,58.439998626708984,49.127357482910156,737000
2011-01-14,58.47999954223633,60.540000915527344,58.220001220703125,59.86000061035156,50.32107925415039,1021700
2011-01-18,59.95000076293945,60.70000076293945,59.560001373291016,60.65999984741211,50.99360275268555,1094400
2011-01-19,58.83000183105469,59.040000915527344,56.93000030517578,57.25,48.12698745727539,1920000
2011-01-20,56.650001525878906,57.5,56.36000061035156,56.869998931884766,47.80753707885742,875200
2011-01-21,57.29999923706055,58.119998931884766,56.939998626708984,57.689998626708984,48.49686050415039,1010700
2011-01-24,57.560001373291016,58.02000045776367,57.290000915527344,57.70000076293945,48.505287170410156,1224700
2011-01-25,58.0,58.56999969482422,56.40999984741211,57.0,47.91682815551758,1643900
2011-01-26,56.790000915527344,58.25,56.720001220703125,57.11000061035156,48.009300231933594,1756000
2011-01-27,57.38999938964844,57.38999938964844,56.779998779296875,56.880001068115234,47.81595230102539,1066400
2011-01-28,56.720001220703125,57.0099983215332,55.38999938964844,55.58000183105469,46.72312927246094,1387300
2011-01-31,55.599998474121094,56.29999923706055,54.779998779296875,56.15999984741211,47.21068572998047,1240200
2011-02-01,57.099998474121094,57.95000076293945,56.54999923706055,57.7400016784668,48.538902282714844,1610400
2011-02-02,57.65999984741211,58.25,57.15999984741211,57.63999938964844,48.45486068725586,1196200
2011-02-03,57.33000183105469,57.900001525878906,56.79999923706055,57.5099983215332,48.34556579589844,600700
2011-02-04,57.689998626708984,58.709999084472656,57.20000076293945,57.84000015258789,48.62295150756836,974600
2011-02-07,57.959999084472656,58.369998931884766,57.20000076293945,57.43000030517578,48.27830505371094,861700
2011-02-08,57.5099983215332,57.83000183105469,57.060001373291016,57.56999969482422,48.395992279052734,881000
2011-02-09,57.22999954223633,57.540000915527344,56.939998626708984,57.220001220703125,48.101776123046875,823400
2011-02-10,56.83000183105469,57.79999923706055,56.810001373291016,57.18000030517578,48.06814193725586,733000
2011-02-11,57.130001068115234,57.58000183105469,56.900001525878906,57.36000061035156,48.21946716308594,1321300
2011-02-14,57.349998474121094,57.83000183105469,57.33000183105469,57.619998931884766,48.43802261352539,548300
2011-02-15,57.459999084472656,57.849998474121094,57.380001068115234,57.77000045776367,48.56413269042969,581900
2011-02-16,57.959999084472656,58.70000076293945,57.83000183105469,58.560001373291016,49.228240966796875,761500
2011-02-17,58.619998931884766,59.130001068115234,58.36000061035156,59.04999923706055,49.64015579223633,726300
2011-02-18,59.279998779296875,59.709999084472656,59.04999923706055,59.349998474121094,49.89235305786133,647500
2011-02-22,58.779998779296875,58.9900016784668,57.04999923706055,57.130001068115234,48.0261116027832,1061500
2011-02-23,56.650001525878906,57.040000915527344,55.31999969482422,56.72999954223633,47.68986129760742,839900
2011-02-24,56.63999938964844,56.790000915527344,55.16999816894531,56.02000045776367,47.09299850463867,1076600
2011-02-25,56.400001525878906,57.2599983215332,56.27000045776367,57.2400016784668,48.118595123291016,625300
2011-02-28,57.54999923706055,57.84000015258789,57.029998779296875,57.560001373291016,48.387596130371094,624600
2011-03-01,57.900001525878906,58.040000915527344,56.06999969482422,56.34000015258789,47.36200714111328,845100
2011-03-02,56.150001525878906,56.810001373291016,55.84000015258789,56.02000045776367,47.09299850463867,426200
2011-03-03,56.84000015258789,58.349998474121094,56.83000183105469,58.310001373291016,49.01808547973633,534400
2011-03-04,58.43000030517578,59.220001220703125,57.689998626708984,58.279998779296875,48.99285125732422,878300
2011-03-07,58.77000045776367,58.84000015258789,56.459999084472656,56.7400016784668,47.698272705078125,692900
2011-03-08,56.529998779296875,57.439998626708984,56.060001373291016,56.779998779296875,47.73189163208008,718800
2011-03-09,56.58000183105469,56.77000045776367,55.66999816894531,56.41999816894531,47.429256439208984,814300
2011-03-10,55.59000015258789,56.02000045776367,54.560001373291016,54.880001068115234,46.13465881347656,723000
2011-03-11,54.29999923706055,55.130001068115234,53.310001373291016,54.900001525878906,46.2906608581543,950900
2011-03-14,54.88999938964844,56.31999969482422,54.88999938964844,56.119998931884766,47.31932830810547,1055300
2011-03-15,54.0099983215332,55.04999923706055,53.689998626708984,54.63999938964844,46.07141876220703,1489200
2011-03-16,54.58000183105469,54.88999938964844,52.63999938964844,53.09000015258789,44.76449203491211,1440200
2011-03-17,53.970001220703125,54.560001373291016,53.5099983215332,53.84000015258789,45.396873474121094,1333600
2011-03-18,54.630001068115234,54.65999984741211,53.5099983215332,54.06999969482422,45.59081268310547,1358000
2011-03-21,54.81999969482422,55.599998474121094,54.5,55.52000045776367,46.81343078613281,606300
2011-03-22,55.459999084472656,55.709999084472656,55.040000915527344,55.27000045776367,46.60263442993164,362200
2011-03-23,55.040000915527344,55.90999984741211,54.38999938964844,55.70000076293945,46.96519470214844,591600
2011-03-24,56.09000015258789,56.59000015258789,55.11000061035156,56.56999969482422,47.698760986328125,606900
2011-03-25,56.83000183105469,58.40999984741211,56.81999969482422,57.22999954223633,48.255252838134766,1157900
2011-03-28,57.27000045776367,58.099998474121094,57.27000045776367,57.75,48.69371795654297,832700
2011-03-29,57.529998779296875,58.779998779296875,57.25,58.45000076293945,49.28394317626953,712000
2011-03-30,59.15999984741211,59.849998474121094,58.560001373291016,59.369998931884766,50.05967330932617,974900
2011-03-31,59.25,59.97999954223633,59.099998474121094,59.77000045776367,50.3969612121582,635800
2011-04-01,60.2599983215332,60.470001220703125,59.709999084472656,60.099998474121094,50.67518997192383,597500
2011-04-04,60.36000061035156,60.4900016784668,59.77000045776367,59.810001373291016,50.430667877197266,709100
2011-04-05,59.66999816894531,60.31999969482422,59.5099983215332,59.86000061035156,50.47283172607422,1265800
2011-04-06,60.310001373291016,60.540000915527344,59.689998626708984,60.31999969482422,50.86068344116211,784100
2011-04-07,60.34000015258789,60.9900016784668,59.84000015258789,60.18000030517578,50.74266052246094,531800
2011-04-08,60.47999954223633,60.75,59.77000045776367,60.04999923706055,50.63303756713867,582600
2011-04-11,60.20000076293945,60.27000045776367,58.880001068115234,59.130001068115234,49.8573112487793,664200
2011-04-12,58.66999816894531,58.84000015258789,57.790000915527344,57.880001068115234,48.80332565307617,940900
2011-04-13,58.25,58.349998474121094,57.18000030517578,57.83000183105469,48.761173248291016,758100
2011-04-14,57.25,58.040000915527344,57.22999954223633,57.83000183105469,48.761173248291016,929800
2011-04-15,58.0,58.5,57.599998474121094,58.150001525878906,49.03098678588867,1064400
2011-04-18,57.20000076293945,57.369998931884766,56.279998779296875,56.90999984741211,47.98544692993164,855100
2011-04-19,56.97999954223633,57.869998931884766,56.4900016784668,57.81999969482422,48.75273895263672,884600
2011-04-20,62.439998626708984,66.5199966430664,61.93000030517578,64.87000274658203,54.69717788696289,3356500
2011-04-21,65.13999938964844,65.3499984741211,63.959999084472656,64.98999786376953,54.79833984375,1542800
2011-04-25,64.86000061035156,69.73999786376953,64.86000061035156,69.55999755859375,58.65168380737305,3229200
2011-04-26,69.6500015258789,69.87999725341797,68.30000305175781,68.51000213623047,57.76634979248047,1200000
2011-04-27,68.77999877929688,68.77999877929688,67.13999938964844,68.0999984741211,57.420654296875,954400
2011-04-28,68.06999969482422,68.87999725341797,67.81999969482422,68.7300033569336,57.95184326171875,649100
2011-04-29,68.87000274658203,70.73999786376953,68.73999786376953,70.55000305175781,59.4864387512207,1252800
2011-05-02,71.18000030517578,71.18000030517578,69.51000213623047,69.95999908447266,58.98894500732422,993900
2011-05-03,69.72000122070312,70.18000030517578,67.8499984741211,68.27999877929688,57.572418212890625,925500
2011-05-04,68.13999938964844,68.13999938964844,65.9800033569336,66.0999984741211,55.73427963256836,1401100
2011-05-05,64.62999725341797,68.12999725341797,64.55999755859375,67.94999694824219,57.294166564941406,1656500
2011-05-06,68.7300033569336,69.81999969482422,68.27999877929688,69.0,58.17949295043945,1468300
2011-05-09,68.91000366210938,69.52999877929688,68.44999694824219,69.27999877929688,58.41559600830078,664800
2011-05-10,69.6500015258789,71.3499984741211,69.55000305175781,71.11000061035156,59.958614349365234,915300
2011-05-11,70.79000091552734,70.8499984741211,69.27999877929688,69.87999725341797,58.92150115966797,928700
2011-05-12,69.4000015258789,69.66999816894531,68.23999786376953,68.95999908447266,58.14576721191406,761000
2011-05-13,69.83000183105469,69.8499984741211,68.12999725341797,68.26000213623047,57.55555725097656,502600
2011-05-16,68.11000061035156,69.4800033569336,67.55999755859375,67.76000213623047,57.13395690917969,500700
2011-05-17,67.3499984741211,67.95999908447266,66.27999877929688,67.27999877929688,56.7292366027832,698500
2011-05-18,67.63999938964844,69.45999908447266,67.1500015258789,69.37999725341797,58.49991226196289,496400
2011-05-19,69.5199966430664,70.12000274658203,68.80999755859375,69.05999755859375,58.23009490966797,433000
2011-05-20,68.8499984741211,69.1500015258789,67.80000305175781,68.55000305175781,57.80009078979492,457600
2011-05-23,67.05000305175781,67.54000091552734,66.36000061035156,67.20999908447266,56.670196533203125,611400
2011-05-24,67.66999816894531,68.62000274658203,67.51000213623047,67.91000366210938,57.26045227050781,576100
2011-05-25,67.56999969482422,69.30000305175781,67.26000213623047,68.91000366210938,58.10362243652344,665700
2011-05-26,68.6500015258789,69.5,68.16000366210938,69.2300033569336,58.373451232910156,547700
2011-05-27,69.5,70.77999877929688,69.43000030517578,70.55000305175781,59.4864387512207,501100
2011-05-31,71.70999908447266,71.79000091552734,69.9000015258789,70.83999633789062,59.730960845947266,754400
2011-06-01,70.79000091552734,71.16000366210938,68.37000274658203,68.47000122070312,57.73262405395508,489100
2011-06-02,68.72000122070312,69.30999755859375,67.33999633789062,67.75,57.12550735473633,750000
2011-06-03,66.4800033569336,68.27999877929688,65.7699966430664,67.19000244140625,56.65333938598633,886300
2011-06-06,66.8499984741211,67.55000305175781,65.5999984741211,65.86000061035156,55.53192901611328,904200
2011-06-07,66.33000183105469,67.30000305175781,65.76000213623047,66.04000091552734,55.68370056152344,790200
2011-06-08,65.70999908447266,65.8499984741211,65.11000061035156,65.44999694824219,55.18621826171875,580600
2011-06-09,65.80000305175781,67.2300033569336,65.4000015258789,66.61000061035156,56.16429138183594,520100
2011-06-10,66.12000274658203,66.58999633789062,65.45999908447266,65.5199966430664,55.24522018432617,624300
2011-06-13,65.58999633789062,65.87000274658203,64.69999694824219,65.04000091552734,54.97895812988281,455200
2011-06-14,65.87000274658203,66.91000366210938,65.6500015258789,66.16999816894531,55.93415832519531,496800
2011-06-15,65.5,66.44999694824219,65.37999725341797,65.55999755859375,55.41853332519531,585200
2011-06-16,65.73999786376953,66.33000183105469,64.12000274658203,64.8499984741211,54.818359375,582700
2011-06-17,65.52999877929688,65.75,64.55999755859375,64.69999694824219,54.691558837890625,657900
2011-06-20,64.6500015258789,66.01000213623047,64.55999755859375,65.68000030517578,55.519962310791016,374800
2011-06-21,66.27999877929688,67.94999694824219,65.88999938964844,67.68000030517578,57.2105712890625,416400
2011-06-22,67.31999969482422,68.0199966430664,67.06999969482422,67.27999877929688,56.872440338134766,398200
2011-06-23,66.30000305175781,67.44999694824219,65.5,66.9800033569336,56.618858337402344,747800
2011-06-24,67.05999755859375,67.22000122070312,66.02999877929688,66.13999938964844,55.908790588378906,516900
2011-06-27,66.1500015258789,66.4800033569336,65.4000015258789,66.1500015258789,55.917266845703125,433200
2011-06-28,66.44000244140625,67.31999969482422,66.2699966430664,67.31999969482422,56.90626525878906,690700
2011-06-29,67.73999786376953,68.8499984741211,67.33999633789062,68.5199966430664,57.920631408691406,772300
2011-06-30,68.63999938964844,69.29000091552734,68.13999938964844,69.19999694824219,58.495452880859375,790300
2011-07-01,69.55000305175781,70.55999755859375,69.04000091552734,70.4800033569336,59.57743835449219,473200
2011-07-05,70.76000213623047,70.76000213623047,69.83000183105469,70.05999755859375,59.22240447998047,588300
2011-07-06,69.93000030517578,70.56999969482422,69.5,70.19999694824219,59.34075927734375,781900
2011-07-07,71.01000213623047,71.20999908447266,70.06999969482422,70.55000305175781,59.63662338256836,858900
2011-07-08,69.58999633789062,70.69999694824219,69.2300033569336,70.55999755859375,59.64506530761719,668800
2011-07-11,69.37999725341797,69.87000274658203,68.58999633789062,69.0999984741211,58.410919189453125,625100
2011-07-12,68.77999877929688,69.55000305175781,68.4000015258789,68.66000366210938,58.03897476196289,602800
2011-07-13,69.0999984741211,69.33999633789062,68.3499984741211,68.44000244140625,57.85300064086914,801200
2011-07-14,68.76000213623047,69.16999816894531,67.58000183105469,67.91999816894531,57.41343307495117,851700
2011-07-15,68.23999786376953,68.25,67.41999816894531,68.1500015258789,57.6078987121582,560900
2011-07-18,67.8499984741211,68.11000061035156,66.48999786376953,67.38999938964844,56.965450286865234,698500
2011-07-19,67.97000122070312,69.33999633789062,67.94000244140625,68.87999725341797,58.224945068359375,1094000
2011-07-20,69.08000183105469,69.08000183105469,67.62999725341797,68.11000061035156,57.574058532714844,568600
2011-07-21,68.37999725341797,70.06999969482422,68.0,69.91000366210938,59.09560775756836,1071900
2011-07-22,68.97000122070312,69.55999755859375,66.41000366210938,66.88999938964844,56.54279708862305,2162100
2011-07-25,66.31999969482422,69.02999877929688,66.18000030517578,68.69999694824219,58.07279968261719,1490500
2011-07-26,68.62999725341797,68.8499984741211,67.56999969482422,68.33999633789062,57.768470764160156,1376100
2011-07-27,67.7699966430664,68.87000274658203,67.76000213623047,67.95999908447266,57.44724655151367,1367700
2011-07-28,67.94000244140625,68.4000015258789,67.30000305175781,67.41999816894531,56.990806579589844,1079600
2011-07-29,66.1500015258789,67.58000183105469,65.80000305175781,66.58000183105469,56.28071594238281,758600
2011-08-01,67.48999786376953,67.58000183105469,65.5,66.52999877929688,56.23847198486328,1114700
2011-08-02,65.93000030517578,66.81999969482422,63.08000183105469,63.18000030517578,53.40668487548828,881100
2011-08-03,62.869998931884766,63.439998626708984,61.029998779296875,63.33000183105469,53.53348922729492,1243800
2011-08-04,62.369998931884766,62.369998931884766,57.279998779296875,57.40999984741211,48.52924346923828,2177900
2011-08-05,58.43000030517578,58.75,54.04999923706055,56.279998779296875,47.574039459228516,2743200
2011-08-08,53.88999938964844,54.61000061035156,51.45000076293945,51.459999084472656,43.499656677246094,2641400
2011-08-09,52.95000076293945,56.08000183105469,51.470001220703125,56.029998779296875,47.36271286010742,1932100
2011-08-10,53.529998779296875,55.22999954223633,52.619998931884766,52.7599983215332,44.59856414794922,2217600
2011-08-11,52.900001525878906,58.0,52.900001525878906,57.0,48.18267822265625,1762900
2011-08-12,57.59000015258789,58.529998779296875,57.0,58.119998931884766,49.12941360473633,1207700
2011-08-15,58.869998931884766,59.4900016784668,58.22999954223633,59.45000076293945,50.25368118286133,755800
2011-08-16,57.380001068115234,58.0,53.470001220703125,55.2599983215332,46.71183395385742,3536700
2011-08-17,55.7400016784668,56.150001525878906,53.84000015258789,53.9900016784668,45.63829040527344,1613500
2011-08-18,52.2400016784668,52.25,47.529998779296875,48.380001068115234,40.89609909057617,3296400
2011-08-19,47.75,49.0,46.150001525878906,46.310001373291016,39.14631271362305,2032600
2011-08-22,47.79999923706055,48.18000030517578,45.20000076293945,45.61000061035156,38.554588317871094,2587200
2011-08-23,46.08000183105469,47.36000061035156,45.61000061035156,47.09000015258789,39.805641174316406,1692400
2011-08-24,47.15999984741211,48.650001525878906,46.689998626708984,48.47999954223633,40.980621337890625,1305700
2011-08-25,48.84000015258789,49.119998931884766,47.349998474121094,47.61000061035156,40.24520492553711,1259700
2011-08-26,47.150001525878906,49.709999084472656,46.459999084472656,49.459999084472656,41.809043884277344,1209300
2011-08-29,50.22999954223633,51.970001220703125,50.099998474121094,51.88999938964844,43.8631477355957,1586200
2011-08-30,51.4900016784668,51.72999954223633,50.43000030517578,50.84000015258789,42.97557067871094,1136100
2011-08-31,51.45000076293945,52.27000045776367,50.16999816894531,50.709999084472656,42.86567306518555,1431600
2011-09-01,50.900001525878906,51.5099983215332,49.90999984741211,49.939998626708984,42.214778900146484,1112700
2011-09-02,48.70000076293945,49.119998931884766,47.09000015258789,47.63999938964844,40.27056884765625,1648300
2011-09-06,45.61000061035156,47.029998779296875,45.61000061035156,46.91999816894531,39.66194534301758,1416400
2011-09-07,47.75,49.189998626708984,47.66999816894531,48.84000015258789,41.28492736816406,776300
2011-09-08,48.619998931884766,48.90999984741211,47.56999969482422,47.72999954223633,40.346649169921875,665600
2011-09-09,47.040000915527344,47.25,45.560001373291016,45.849998474121094,38.75746536254883,1191800
2011-09-12,45.029998779296875,45.779998779296875,43.65999984741211,44.689998626708984,37.77689743041992,1785100
2011-09-13,44.84000015258789,46.18000030517578,44.66999816894531,45.61000061035156,38.69745635986328,1065700
2011-09-14,45.84000015258789,46.70000076293945,44.459999084472656,46.15999984741211,39.164100646972656,1096600
2011-09-15,46.709999084472656,47.40999984741211,46.279998779296875,46.83000183105469,39.73255920410156,789400
2011-09-16,46.9900016784668,47.119998931884766,45.91999816894531,46.29999923706055,39.282894134521484,1002200
2011-09-19,45.119998931884766,46.25,44.86000061035156,45.86000061035156,38.909584045410156,830100
2011-09-20,45.97999954223633,47.09000015258789,44.95000076293945,44.9900016784668,38.171424865722656,1378000
2011-09-21,45.060001373291016,45.22999954223633,43.43000030517578,43.43000030517578,36.847862243652344,1028400
2011-09-22,41.65999984741211,42.060001373291016,39.84000015258789,40.220001220703125,34.124366760253906,2573100
2011-09-23,40.02000045776367,41.459999084472656,39.7599983215332,40.91999816894531,34.718265533447266,999400
2011-09-26,41.47999954223633,42.4900016784668,40.119998931884766,42.439998626708984,36.007904052734375,845100
2011-09-27,43.79999923706055,45.58000183105469,43.599998474121094,44.0099983215332,37.339962005615234,1216800
2011-09-28,43.95000076293945,44.130001068115234,40.849998474121094,41.0099983215332,34.79462432861328,929900
2011-09-29,42.43000030517578,42.849998474121094,41.209999084472656,42.34000015258789,35.923057556152344,1032800
2011-09-30,41.43000030517578,41.849998474121094,40.380001068115234,40.400001525878906,34.27708435058594,1475500
2011-10-03,40.15999984741211,41.52000045776367,38.970001220703125,39.0,33.089256286621094,1568300
2011-10-04,38.41999816894531,40.31999969482422,38.02000045776367,40.27000045776367,34.16679000854492,1800000
2011-10-05,40.52000045776367,42.939998626708984,39.849998474121094,42.4900016784668,36.05032730102539,1649400
2011-10-06,42.22999954223633,43.5,41.619998931884766,43.0,36.483028411865234,995300
2011-10-07,43.18000030517578,43.45000076293945,41.54999923706055,43.400001525878906,36.82240676879883,1966400
2011-10-10,43.95000076293945,46.0,43.84000015258789,45.959999084472656,38.994422912597656,1609600
2011-10-11,45.31999969482422,46.81999969482422,45.18000030517578,46.13999938964844,39.14714431762695,931300
2011-10-12,46.75,48.40999984741211,46.2599983215332,47.439998626708984,40.25010681152344,1322700
2011-10-13,47.650001525878906,47.869998931884766,46.25,47.5,40.3010139465332,965900
2011-10-14,48.25,48.72999954223633,47.2599983215332,48.630001068115234,41.25975799560547,693000
2011-10-17,48.4900016784668,48.65999984741211,46.900001525878906,47.43000030517578,40.24163055419922,1070700
2011-10-18,47.41999816894531,49.18000030517578,46.279998779296875,48.959999084472656,41.53974914550781,1023600
2011-10-19,48.560001373291016,48.599998474121094,44.5,44.83000183105469,38.03568649291992,2641100
2011-10-20,45.130001068115234,45.720001220703125,44.16999816894531,45.439998626708984,38.55323028564453,2001000
2011-10-21,46.04999923706055,46.959999084472656,45.279998779296875,46.529998779296875,39.478031158447266,1996700
2011-10-24,46.720001220703125,48.959999084472656,46.189998626708984,48.61000061035156,41.24279022216797,1558200
2011-10-25,48.529998779296875,53.060001373291016,45.75,50.959999084472656,43.23662185668945,4549100
2011-10-26,52.27000045776367,53.20000076293945,49.779998779296875,52.720001220703125,44.72988510131836,2632400
2011-10-27,55.79999923706055,56.91999816894531,54.119998931884766,55.2599983215332,46.88493728637695,1774200
2011-10-28,54.599998474121094,55.900001525878906,54.4900016784668,55.130001068115234,46.77463912963867,1035500
2011-10-31,54.43000030517578,54.43000030517578,53.08000183105469,53.290000915527344,45.2135009765625,1226800
2011-11-01,51.83000183105469,52.13999938964844,50.31999969482422,50.970001220703125,43.245121002197266,1382400
2011-11-02,52.45000076293945,53.84000015258789,52.29999923706055,52.91999816894531,44.89958572387695,1282500
2011-11-03,54.0099983215332,54.58000183105469,52.27000045776367,54.400001525878906,46.1552734375,801400
2011-11-04,53.65999984741211,54.56999969482422,52.4900016784668,54.369998931884766,46.129817962646484,701800
2011-11-07,54.5099983215332,55.25,53.15999984741211,54.599998474121094,46.324954986572266,956300
2011-11-08,55.02000045776367,55.02000045776367,52.900001525878906,54.529998779296875,46.26557540893555,1234500
2011-11-09,52.880001068115234,53.2400016784668,51.5099983215332,51.880001068115234,44.01719665527344,1372100
2011-11-10,52.959999084472656,53.15999984741211,51.61000061035156,52.5,44.54323196411133,537100
2011-11-11,53.34000015258789,54.560001373291016,53.25,53.84000015258789,45.680145263671875,805400
2011-11-14,53.65999984741211,53.91999816894531,52.75,53.290000915527344,45.2135009765625,534900
2011-11-15,52.880001068115234,53.0099983215332,51.18000030517578,52.310001373291016,44.38201141357422,1425400
2011-11-16,51.689998626708984,53.79999923706055,51.400001525878906,52.15999984741211,44.2547607421875,764000
2011-11-17,51.86000061035156,52.09000015258789,50.029998779296875,50.349998474121094,42.71908187866211,1020700
2011-11-18,50.56999969482422,50.81999969482422,49.75,50.29999923706055,42.676658630371094,490600
2011-11-21,49.400001525878906,50.060001373291016,48.61000061035156,49.75,42.210018157958984,646800
2011-11-22,49.52000045776367,49.939998626708984,48.4900016784668,49.04999923706055,41.61610794067383,641900
2011-11-23,48.209999084472656,48.459999084472656,46.93000030517578,47.0,39.87681198120117,740200
2011-11-25,46.66999816894531,47.88999938964844,46.619998931884766,47.22999954223633,40.07194900512695,335900
2011-11-28,49.400001525878906,49.95000076293945,49.13999938964844,49.630001068115234,42.108211517333984,735300
2011-11-29,49.959999084472656,50.25,49.25,50.02000045776367,42.4390983581543,505400
2011-11-30,52.720001220703125,54.540000915527344,52.41999816894531,54.529998779296875,46.26557540893555,1317900
2011-12-01,54.130001068115234,54.66999816894531,53.119998931884766,53.5,45.39168167114258,509200
2011-12-02,54.34000015258789,54.7599983215332,53.099998474121094,53.290000915527344,45.2135009765625,469200
2011-12-05,54.45000076293945,54.880001068115234,53.47999954223633,53.75,45.603782653808594,862500
2011-12-06,54.349998474121094,54.349998474121094,53.0,53.7400016784668,45.59531021118164,418100
2011-12-07,53.31999969482422,54.880001068115234,53.06999969482422,54.58000183105469,46.30800247192383,649200
2011-12-08,53.849998474121094,54.47999954223633,52.880001068115234,53.08000183105469,45.03533935546875,632900
2011-12-09,53.040000915527344,53.540000915527344,50.84000015258789,53.09000015258789,45.043819427490234,1353000
2011-12-12,52.150001525878906,52.290000915527344,50.209999084472656,50.90999984741211,43.194217681884766,1054700
2011-12-13,51.209999084472656,51.970001220703125,49.63999938964844,50.4900016784668,42.98561477661133,938700
2011-12-14,49.869998931884766,49.880001068115234,48.04999923706055,48.06999969482422,40.9253044128418,1266800
2011-12-15,49.0,49.34000015258789,48.18000030517578,48.81999969482422,41.5638427734375,712400
2011-12-16,49.27000045776367,50.619998931884766,48.86000061035156,50.15999984741211,42.70467758178711,1310300
2011-12-19,50.290000915527344,50.689998626708984,47.81999969482422,48.0099983215332,40.87422180175781,729500
2011-12-20,49.220001220703125,50.540000915527344,49.130001068115234,50.04999923706055,42.611019134521484,811200
2011-12-21,49.880001068115234,49.970001220703125,48.779998779296875,49.81999969482422,42.415191650390625,476100
2011-12-22,49.88999938964844,51.119998931884766,49.779998779296875,50.7599983215332,43.21549606323242,457100
2011-12-23,50.83000183105469,51.33000183105469,50.599998474121094,51.13999938964844,43.53902053833008,242300
2011-12-27,51.040000915527344,52.45000076293945,50.97999954223633,51.4900016784668,43.836997985839844,322200
2011-12-28,51.31999969482422,51.43000030517578,50.060001373291016,50.16999816894531,42.71317672729492,394600
2011-12-29,50.310001373291016,51.56999969482422,50.22999954223633,51.4900016784668,43.836997985839844,337100
2011-12-30,51.54999923706055,52.029998779296875,51.27000045776367,51.5099983215332,43.8540153503418,425300
2012-01-03,52.90999984741211,54.15999984741211,52.54999923706055,52.72999954223633,44.892696380615234,548700
2012-01-04,52.68000030517578,53.720001220703125,52.27000045776367,53.5,45.54825210571289,402800
2012-01-05,52.779998779296875,53.7599983215332,52.31999969482422,53.58000183105469,45.61635971069336,618800
2012-01-06,53.68000030517578,54.40999984741211,53.25,53.470001220703125,45.522708892822266,710800
2012-01-09,53.72999954223633,53.90999984741211,52.66999816894531,53.43000030517578,45.488651275634766,465600
2012-01-10,54.349998474121094,55.470001220703125,54.279998779296875,55.09000015258789,46.90193176269531,592100
2012-01-11,54.79999923706055,55.619998931884766,54.52000045776367,55.369998931884766,47.14030838012695,297400
2012-01-12,55.70000076293945,57.70000076293945,55.18000030517578,57.4900016784668,48.945213317871094,773300
2012-01-13,56.95000076293945,56.9900016784668,55.709999084472656,56.79999923706055,48.35776901245117,404000
2012-01-17,57.970001220703125,58.45000076293945,57.119998931884766,57.34000015258789,48.817508697509766,525600
2012-01-18,57.0,58.52000045776367,56.90999984741211,58.5099983215332,49.81359100341797,729700
2012-01-19,58.630001068115234,61.22999954223633,58.619998931884766,60.09000015258789,51.158756256103516,1048200
2012-01-20,60.0,60.099998474121094,59.4900016784668,59.63999938964844,50.7756462097168,883500
2012-01-23,59.77000045776367,61.04999923706055,59.54999923706055,60.09000015258789,51.158756256103516,756300
2012-01-24,60.0099983215332,63.47999954223633,58.400001525878906,62.65999984741211,53.34679412841797,1455100
2012-01-25,62.70000076293945,62.810001373291016,61.439998626708984,62.09000015258789,52.86150360107422,895100
2012-01-26,62.70000076293945,63.88999938964844,62.65999984741211,63.02000045776367,53.65327072143555,919900
2012-01-27,63.06999969482422,64.0,62.95000076293945,63.25,53.849098205566406,728200
2012-01-30,62.70000076293945,64.05000305175781,62.540000915527344,63.41999816894531,53.99382781982422,661200
2012-01-31,63.790000915527344,64.45999908447266,63.130001068115234,64.30999755859375,54.751548767089844,835400
2012-02-01,65.16000366210938,66.5999984741211,65.0,66.4000015258789,56.530906677246094,930700
2012-02-02,66.62000274658203,66.62000274658203,65.56999969482422,65.66999816894531,55.909400939941406,684900
2012-02-03,66.80999755859375,67.76000213623047,66.51000213623047,66.98999786376953,57.03321075439453,768700
2012-02-06,66.44000244140625,67.55000305175781,66.0,67.5,57.467430114746094,540500
2012-02-07,67.44999694824219,67.8499984741211,66.55999755859375,66.9000015258789,56.95658874511719,769900
2012-02-08,67.12999725341797,67.87999725341797,66.33999633789062,66.7300033569336,56.81188201904297,356600
2012-02-09,66.91999816894531,68.51000213623047,65.66000366210938,66.51000213623047,56.62455749511719,580600
2012-02-10,65.45999908447266,66.0,64.58000183105469,65.2300033569336,55.53480529785156,889300
2012-02-13,65.80999755859375,66.54000091552734,65.63999938964844,66.13999938964844,56.30954360961914,509200
2012-02-14,65.7699966430664,66.01000213623047,64.45999908447266,65.25,55.55182647705078,948100
2012-02-15,65.5999984741211,65.83999633789062,64.19999694824219,64.70999908447266,55.09208679199219,1422500
2012-02-16,64.79000091552734,66.45999908447266,64.66000366210938,66.37999725341797,56.51386642456055,512900
2012-02-17,66.69000244140625,67.0,66.08999633789062,66.27999877929688,56.428741455078125,404000
2012-02-21,66.5199966430664,66.62000274658203,65.29000091552734,65.7699966430664,55.99454116821289,342500
2012-02-22,65.98999786376953,66.61000061035156,65.29000091552734,66.19000244140625,56.35212326049805,417500
2012-02-23,66.08000183105469,66.83999633789062,65.86000061035156,66.58000183105469,56.68415451049805,414200
2012-02-24,66.54000091552734,67.05000305175781,66.02999877929688,66.13999938964844,56.30954360961914,442500
2012-02-27,65.5,67.33999633789062,65.04000091552734,66.88999938964844,56.94807052612305,475700
2012-02-28,66.87999725341797,67.54000091552734,66.33999633789062,66.7300033569336,56.81188201904297,284600
2012-02-29,66.88999938964844,67.62000274658203,66.41000366210938,66.5199966430664,56.63304901123047,728100
2012-03-01,66.94999694824219,68.26000213623047,66.66999816894531,67.69999694824219,57.63768005371094,445200
2012-03-02,67.44999694824219,67.91999816894531,65.6500015258789,65.91999816894531,56.12225341796875,652200
2012-03-05,65.23999786376953,65.26000213623047,61.779998779296875,62.400001525878906,53.12543487548828,1142000
2012-03-06,63.380001068115234,63.380001068115234,59.40999984741211,60.04999923706055,51.12470245361328,1018900
2012-03-07,60.11000061035156,61.81999969482422,60.09000015258789,61.5,52.35918426513672,872000
2012-03-08,62.38999938964844,63.18000030517578,62.029998779296875,62.93000030517578,53.5766487121582,426300
2012-03-09,62.939998626708984,63.599998474121094,62.56999969482422,63.04999923706055,53.67881774902344,347300
2012-03-12,62.9900016784668,63.040000915527344,62.33000183105469,62.75,53.42341232299805,344300
2012-03-13,62.81999969482422,63.65999984741211,62.41999816894531,63.65999984741211,54.37145233154297,794200
2012-03-14,63.650001525878906,64.0,63.369998931884766,63.90999984741211,54.58497619628906,550200
2012-03-15,64.0,64.66999816894531,63.84000015258789,64.5999984741211,55.174293518066406,671700
2012-03-16,64.79000091552734,64.98999786376953,64.02999877929688,64.37000274658203,54.97787094116211,650100
2012-03-19,64.18000030517578,64.94999694824219,63.540000915527344,64.37999725341797,54.98640060424805,359900
2012-03-20,63.880001068115234,64.25,63.18000030517578,64.0199966430664,54.678916931152344,432700
2012-03-21,64.25,64.7699966430664,63.95000076293945,64.27999877929688,54.90098190307617,470400
2012-03-22,63.59000015258789,63.959999084472656,62.93000030517578,63.43000030517578,54.17500305175781,488300
2012-03-23,63.529998779296875,63.54999923706055,62.33000183105469,62.66999816894531,53.5258903503418,696900
2012-03-26,63.279998779296875,64.38999938964844,63.27000045776367,64.38999938964844,54.99492645263672,409300
2012-03-27,64.44000244140625,65.0199966430664,64.4000015258789,64.62999725341797,55.199913024902344,234200
2012-03-28,64.48999786376953,64.48999786376953,62.77000045776367,63.15999984741211,53.944400787353516,383000
2012-03-29,62.75,63.84000015258789,62.349998474121094,63.689998626708984,54.397071838378906,328000
2012-03-30,64.4000015258789,64.58000183105469,63.310001373291016,63.91999816894531,54.5935173034668,326300
2012-04-02,63.650001525878906,65.5,63.47999954223633,65.18000030517578,55.669673919677734,687700
2012-04-03,65.19000244140625,65.45999908447266,63.88999938964844,64.41999816894531,55.02054977416992,507200
2012-04-04,63.720001220703125,64.38999938964844,63.36000061035156,63.63999938964844,54.3543586730957,945600
2012-04-05,63.439998626708984,64.38999938964844,62.93000030517578,63.02000045776367,53.824832916259766,503100
2012-04-09,61.91999816894531,63.150001525878906,61.790000915527344,63.029998779296875,53.8333625793457,619800
2012-04-10,63.029998779296875,63.38999938964844,61.220001220703125,61.310001373291016,52.364341735839844,631600
2012-04-11,62.38999938964844,62.709999084472656,61.689998626708984,61.97999954223633,52.93657684326172,521900
2012-04-12,62.11000061035156,64.06999969482422,62.099998474121094,63.720001220703125,54.422698974609375,374900
2012-04-13,63.439998626708984,63.88999938964844,62.81999969482422,62.849998474121094,53.67963409423828,366800
2012-04-16,63.060001373291016,63.79999923706055,62.34000015258789,63.369998931884766,54.1237678527832,574100
2012-04-17,64.0999984741211,64.87000274658203,63.72999954223633,64.12000274658203,54.76433181762695,459500
2012-04-18,63.7599983215332,66.05999755859375,63.43000030517578,65.25,55.729454040527344,1159900
2012-04-19,64.97000122070312,65.48999786376953,62.2599983215332,63.72999954223633,54.43124008178711,1379100
2012-04-20,63.560001373291016,66.13999938964844,63.119998931884766,65.44000244140625,55.89174270629883,1666100
2012-04-23,62.66999816894531,64.56999969482422,62.41999816894531,64.41000366210938,55.012020111083984,688900
2012-04-24,64.19000244140625,64.36000061035156,63.119998931884766,63.22999954223633,54.00417709350586,694100
2012-04-25,64.44000244140625,64.87000274658203,63.95000076293945,64.55999755859375,55.14012908935547,612200
2012-04-26,64.19999694824219,65.48999786376953,64.0199966430664,65.12999725341797,55.626956939697266,525300
2012-04-27,65.41000366210938,66.5199966430664,65.4000015258789,66.2300033569336,56.56646728515625,682800
2012-04-30,65.86000061035156,66.1500015258789,64.88999938964844,65.30000305175781,55.77215576171875,527400
2012-05-01,65.30000305175781,67.13999938964844,65.30000305175781,66.06999969482422,56.42981719970703,737300
2012-05-02,65.80000305175781,66.33999633789062,65.30999755859375,66.05999755859375,56.42124938964844,606100
2012-05-03,66.05999755859375,66.36000061035156,65.29000091552734,65.5,55.9429817199707,502800
2012-05-04,64.98999786376953,65.05000305175781,63.31999969482422,63.65999984741211,54.37145233154297,483500
2012-05-07,63.2400016784668,64.83000183105469,63.13999938964844,64.25,54.8753776550293,641600
2012-05-08,63.650001525878906,63.7400016784668,62.459999084472656,63.25,54.02128219604492,786500
2012-05-09,62.0,62.83000183105469,60.77000045776367,62.61000061035156,53.47466278076172,1107400
2012-05-10,63.349998474121094,63.650001525878906,62.68000030517578,62.900001525878906,53.722347259521484,543800
2012-05-11,62.18000030517578,63.77000045776367,62.060001373291016,63.279998779296875,54.04689025878906,477700
2012-05-14,62.099998474121094,62.45000076293945,60.849998474121094,60.970001220703125,52.073951721191406,778500
2012-05-15,60.97999954223633,61.95000076293945,60.5099983215332,61.849998474121094,52.825538635253906,1198200
2012-05-16,62.9900016784668,64.88999938964844,62.22999954223633,62.810001373291016,53.645477294921875,2187300
2012-05-17,62.7400016784668,62.970001220703125,59.93000030517578,59.97999954223633,51.2283935546875,1257500
2012-05-18,60.290000915527344,60.630001068115234,59.150001525878906,59.29999923706055,50.647621154785156,1501500
2012-05-21,59.400001525878906,62.04999923706055,58.880001068115234,61.689998626708984,52.68889236450195,1643500
2012-05-22,61.349998474121094,61.650001525878906,59.099998474121094,59.56999969482422,50.87822341918945,1809600
2012-05-23,58.970001220703125,60.189998626708984,57.869998931884766,60.099998474121094,51.33088302612305,1653400
2012-05-24,60.439998626708984,61.06999969482422,59.36000061035156,60.4900016784668,51.66398239135742,909500
2012-05-25,61.060001373291016,61.709999084472656,60.40999984741211,61.43000030517578,52.46681594848633,923900
2012-05-29,62.349998474121094,63.97999954223633,62.33000183105469,63.68000030517578,54.3885383605957,1489700
2012-05-30,62.72999954223633,63.040000915527344,60.709999084472656,60.779998779296875,51.91166687011719,950000
2012-05-31,61.0,61.09000015258789,59.290000915527344,60.70000076293945,51.84333801269531,3770500
2012-06-01,58.209999084472656,59.0,56.70000076293945,56.900001525878906,48.59778594970703,1400100
2012-06-04,57.25,57.65999984741211,55.86000061035156,57.2599983215332,48.905269622802734,1000100
2012-06-05,57.18000030517578,59.720001220703125,57.18000030517578,59.380001068115234,50.7159423828125,1043000
2012-06-06,59.779998779296875,61.20000076293945,59.779998779296875,60.5099983215332,51.68104934692383,682700
2012-06-07,61.5,62.959999084472656,60.25,60.34000015258789,51.535865783691406,802700
2012-06-08,60.13999938964844,60.90999984741211,59.290000915527344,60.83000183105469,51.95437240600586,560200
2012-06-11,61.70000076293945,61.77000045776367,58.560001373291016,58.66999816894531,50.109535217285156,640300
2012-06-12,59.119998931884766,59.779998779296875,58.72999954223633,59.70000076293945,50.98925018310547,521800
2012-06-13,59.2599983215332,59.459999084472656,57.560001373291016,57.7400016784668,49.480995178222656,704200
2012-06-14,57.7400016784668,58.34000015258789,57.18000030517578,57.93000030517578,49.643821716308594,1248400
2012-06-15,58.369998931884766,59.439998626708984,58.2400016784668,59.279998779296875,50.800716400146484,716100
2012-06-18,58.95000076293945,60.38999938964844,58.560001373291016,60.31999969482422,51.691959381103516,574200
2012-06-19,60.70000076293945,62.029998779296875,60.70000076293945,61.75,52.917415618896484,466500
2012-06-20,61.75,62.59000015258789,61.34000015258789,61.81999969482422,52.97739791870117,707500
2012-06-21,61.72999954223633,61.900001525878906,58.66999816894531,59.04999923706055,50.603607177734375,779200
2012-06-22,59.33000183105469,59.41999816894531,58.060001373291016,58.7400016784668,50.33795928955078,1363400
2012-06-25,57.70000076293945,57.880001068115234,56.720001220703125,57.70000076293945,49.44671630859375,957900
2012-06-26,57.869998931884766,59.0,57.4900016784668,58.470001220703125,50.10658645629883,642800
2012-06-27,58.66999816894531,58.97999954223633,57.5,57.75,49.48955535888672,837600
2012-06-28,57.060001373291016,57.95000076293945,57.060001373291016,57.88999938964844,49.60955047607422,865400
2012-06-29,59.540000915527344,59.880001068115234,59.13999938964844,59.63999938964844,51.10921859741211,803800
2012-07-02,59.939998626708984,60.2599983215332,59.0099983215332,60.189998626708984,51.580562591552734,604700
2012-07-03,60.279998779296875,62.189998626708984,60.22999954223633,61.900001525878906,53.04596710205078,317600
2012-07-05,61.63999938964844,62.34000015258789,61.36000061035156,61.56999969482422,52.76316833496094,462200
2012-07-06,60.65999984741211,61.06999969482422,59.709999084472656,59.9900016784668,51.40916442871094,645500
2012-07-09,60.02000045776367,60.099998474121094,58.939998626708984,59.45000076293945,50.94639587402344,400400
2012-07-10,60.040000915527344,60.41999816894531,58.400001525878906,58.880001068115234,50.45793533325195,558600
2012-07-11,58.9900016784668,59.040000915527344,56.93000030517578,57.29999923706055,49.10393524169922,814900
2012-07-12,57.04999923706055,57.04999923706055,55.65999984741211,56.529998779296875,48.44406509399414,799600
2012-07-13,57.11000061035156,58.13999938964844,57.11000061035156,57.939998626708984,49.65238952636719,707800
2012-07-16,57.81999969482422,57.900001525878906,56.779998779296875,57.31999969482422,49.12107849121094,660500
2012-07-17,57.79999923706055,57.849998474121094,56.77000045776367,57.22999954223633,49.0439453125,1047900
2012-07-18,55.2400016784668,56.02000045776367,53.18000030517578,55.61000061035156,47.655670166015625,2089100
2012-07-19,55.70000076293945,57.7599983215332,55.0099983215332,57.529998779296875,49.301025390625,1485700
2012-07-20,57.0,57.459999084472656,56.709999084472656,57.06999969482422,48.90683364868164,1509200
2012-07-23,56.0,56.97999954223633,55.40999984741211,56.70000076293945,48.58975601196289,1547800
2012-07-24,56.7599983215332,56.939998626708984,54.38999938964844,54.84000015258789,46.99579620361328,1152300
2012-07-25,55.40999984741211,55.900001525878906,54.90999984741211,55.13999938964844,47.252891540527344,685900
2012-07-26,56.099998474121094,56.43000030517578,55.4900016784668,56.369998931884766,48.306949615478516,557600
2012-07-27,56.810001373291016,58.290000915527344,56.5099983215332,58.119998931884766,49.806644439697266,733100
2012-07-30,58.09000015258789,58.88999938964844,57.529998779296875,58.220001220703125,49.89234924316406,718300
2012-07-31,57.88999938964844,58.63999938964844,57.75,58.220001220703125,49.89234924316406,670000
2012-08-01,58.470001220703125,58.86000061035156,57.75,57.75,49.48955535888672,452600
2012-08-02,56.91999816894531,57.68000030517578,55.65999984741211,56.529998779296875,48.44406509399414,718900
2012-08-03,58.11000061035156,59.099998474121094,58.099998474121094,58.529998779296875,50.15800094604492,447000
2012-08-06,58.91999816894531,59.41999816894531,58.709999084472656,59.11000061035156,50.655033111572266,436100
2012-08-07,59.68000030517578,60.459999084472656,59.29999923706055,60.22999954223633,51.614845275878906,673300
2012-08-08,59.90999984741211,60.43000030517578,59.68000030517578,60.18000030517578,51.571983337402344,337900
2012-08-09,60.20000076293945,61.119998931884766,60.18000030517578,60.869998931884766,52.16329574584961,326800
2012-08-10,60.599998474121094,61.040000915527344,60.029998779296875,60.9900016784668,52.2661247253418,274800
2012-08-13,60.5,61.09000015258789,60.310001373291016,61.06999969482422,52.33466720581055,462600
2012-08-14,61.189998626708984,61.43000030517578,60.22999954223633,60.439998626708984,51.7947883605957,566400
2012-08-15,60.34000015258789,60.9900016784668,60.34000015258789,60.869998931884766,52.16329574584961,336100
2012-08-16,61.0099983215332,61.41999816894531,60.599998474121094,61.20000076293945,52.44608688354492,504800
2012-08-17,61.099998474121094,61.45000076293945,60.880001068115234,61.310001373291016,52.54035186767578,423500
2012-08-20,61.04999923706055,61.189998626708984,60.54999923706055,61.15999984741211,52.41179656982422,440400
2012-08-21,60.880001068115234,61.040000915527344,58.130001068115234,58.86000061035156,50.44078826904297,1414500
2012-08-22,58.619998931884766,58.7400016784668,57.630001068115234,57.95000076293945,49.660953521728516,1449100
2012-08-23,57.939998626708984,57.939998626708984,56.43000030517578,56.70000076293945,48.58975601196289,1539600
2012-08-24,56.72999954223633,56.86000061035156,55.95000076293945,56.400001525878906,48.33266830444336,907400
2012-08-27,56.61000061035156,56.61000061035156,55.119998931884766,55.310001373291016,47.39857864379883,1473600
2012-08-28,55.310001373291016,55.5099983215332,54.4900016784668,54.52000045776367,46.72157287597656,1507500
2012-08-29,54.72999954223633,54.81999969482422,54.209999084472656,54.72999954223633,46.90153884887695,1713300
2012-08-30,54.20000076293945,54.66999816894531,54.040000915527344,54.400001525878906,46.61872482299805,1073700
2012-08-31,54.84000015258789,55.20000076293945,54.099998474121094,54.72999954223633,46.90153884887695,1075700
2012-09-04,54.439998626708984,54.7599983215332,53.279998779296875,54.08000183105469,46.34451675415039,930200
2012-09-05,54.099998474121094,54.2599983215332,53.41999816894531,54.060001373291016,46.32737350463867,995400
2012-09-06,54.689998626708984,56.41999816894531,54.68000030517578,55.75,47.775634765625,965900
2012-09-07,56.0,56.970001220703125,55.66999816894531,56.91999816894531,48.77827072143555,1003900
2012-09-10,56.65999984741211,57.029998779296875,56.52000045776367,56.75,48.63260269165039,695000
2012-09-11,56.66999816894531,56.959999084472656,56.33000183105469,56.779998779296875,48.65831756591797,560400
2012-09-12,56.439998626708984,56.720001220703125,54.459999084472656,54.68000030517578,47.02433776855469,1450400
2012-09-13,54.119998931884766,54.2400016784668,52.869998931884766,53.47999954223633,45.992340087890625,2785200
2012-09-14,53.689998626708984,54.13999938964844,53.650001525878906,53.88999938964844,46.344932556152344,1577500
2012-09-17,53.68000030517578,53.7400016784668,53.369998931884766,53.459999084472656,45.97513198852539,728600
2012-09-18,52.86000061035156,53.099998474121094,51.86000061035156,52.68000030517578,45.30434799194336,1350900
2012-09-19,52.939998626708984,54.63999938964844,52.810001373291016,54.27000045776367,46.67173385620117,1951200
2012-09-20,53.630001068115234,53.720001220703125,53.2599983215332,53.58000183105469,46.07834243774414,971700
2012-09-21,53.970001220703125,54.31999969482422,53.18000030517578,53.209999084472656,45.7601318359375,982200
2012-09-24,52.75,53.09000015258789,52.650001525878906,52.869998931884766,45.467742919921875,678200
2012-09-25,52.97999954223633,53.22999954223633,51.63999938964844,51.650001525878906,44.41855239868164,772100
2012-09-26,51.68000030517578,51.91999816894531,50.880001068115234,51.560001373291016,44.34115982055664,753100
2012-09-27,51.72999954223633,52.529998779296875,51.52000045776367,52.40999984741211,45.0721435546875,795300
2012-09-28,52.0,52.79999923706055,51.77000045776367,52.68000030517578,45.30434799194336,807900
2012-10-01,53.15999984741211,53.709999084472656,52.43000030517578,52.70000076293945,45.3215446472168,1104100
2012-10-02,52.880001068115234,53.060001373291016,52.52000045776367,53.0,45.57952880859375,703100
2012-10-03,52.970001220703125,53.349998474121094,52.720001220703125,53.0099983215332,45.588130950927734,658900
2012-10-04,53.349998474121094,53.97999954223633,53.189998626708984,53.75,46.22453689575195,718900
2012-10-05,54.130001068115234,54.630001068115234,53.939998626708984,54.349998474121094,46.740543365478516,992400
2012-10-08,53.779998779296875,53.97999954223633,53.27000045776367,53.59000015258789,46.08694076538086,613500
2012-10-09,53.54999923706055,53.54999923706055,52.5099983215332,52.68000030517578,45.30434799194336,872300
2012-10-10,52.81999969482422,52.849998474121094,51.77000045776367,51.84000015258789,44.58195114135742,561100
2012-10-11,52.40999984741211,52.779998779296875,52.22999954223633,52.33000183105469,45.00335693359375,398700
2012-10-12,52.400001525878906,52.88999938964844,51.86000061035156,52.0099983215332,44.728145599365234,344200
2012-10-15,52.060001373291016,52.619998931884766,51.86000061035156,52.349998474121094,45.02055358886719,1245600
2012-10-16,52.7400016784668,53.880001068115234,52.18000030517578,53.79999923706055,46.267520904541016,896800
2012-10-17,53.95000076293945,54.43000030517578,53.720001220703125,54.279998779296875,46.68031692504883,840100
2012-10-18,52.849998474121094,56.099998474121094,52.0,55.720001220703125,47.91871643066406,2688100
2012-10-19,55.689998626708984,56.2599983215332,54.88999938964844,55.33000183105469,47.58332824707031,1820200
2012-10-22,55.130001068115234,56.22999954223633,55.130001068115234,56.18000030517578,48.31431579589844,1466400
2012-10-23,54.79999923706055,55.779998779296875,54.40999984741211,55.43000030517578,47.669315338134766,1385100
2012-10-24,55.88999938964844,56.0,54.90999984741211,55.0099983215332,47.308109283447266,1086800
2012-10-25,55.38999938964844,55.54999923706055,54.650001525878906,55.09000015258789,47.37691879272461,796500
2012-10-26,55.08000183105469,55.66999816894531,54.880001068115234,55.290000915527344,47.54891586303711,753600
2012-10-31,55.459999084472656,55.5,54.970001220703125,55.11000061035156,47.39412307739258,719700
2012-11-01,55.380001068115234,57.06999969482422,54.630001068115234,56.790000915527344,48.83891296386719,1062800
2012-11-02,57.11000061035156,57.189998626708984,55.779998779296875,56.22999954223633,48.357303619384766,721500
2012-11-05,55.97999954223633,56.869998931884766,55.97999954223633,56.810001373291016,48.85610580444336,688900
2012-11-06,56.88999938964844,57.439998626708984,56.70000076293945,57.02000045776367,49.036712646484375,734900
2012-11-07,56.08000183105469,56.43000030517578,55.06999969482422,55.5099983215332,47.73811721801758,831600
2012-11-08,55.529998779296875,56.18000030517578,54.47999954223633,54.4900016784668,46.860931396484375,912200
2012-11-09,54.290000915527344,55.25,53.880001068115234,54.209999084472656,46.620140075683594,740700
2012-11-12,54.560001373291016,55.54999923706055,54.560001373291016,55.11000061035156,47.39412307739258,444100
2012-11-13,55.15999984741211,56.61000061035156,55.15999984741211,55.650001525878906,47.8585205078125,854100
2012-11-14,55.709999084472656,56.380001068115234,54.220001220703125,54.34000015258789,46.73192596435547,485100
2012-11-15,54.83000183105469,54.90999984741211,53.599998474121094,54.08000183105469,46.508331298828125,636800
2012-11-16,54.310001373291016,54.77000045776367,53.97999954223633,54.310001373291016,46.70613098144531,879800
2012-11-19,55.189998626708984,56.790000915527344,55.189998626708984,56.380001068115234,48.486328125,820100
2012-11-20,56.310001373291016,56.95000076293945,56.209999084472656,56.40999984741211,48.51211166381836,857700
2012-11-21,56.61000061035156,56.91999816894531,56.130001068115234,56.40999984741211,48.51211166381836,457000
2012-11-23,56.779998779296875,58.099998474121094,56.689998626708984,57.540000915527344,49.483909606933594,335800
2012-11-26,57.25,57.81999969482422,57.0099983215332,57.4900016784668,49.44089889526367,503000
2012-11-27,57.119998931884766,58.08000183105469,56.029998779296875,57.90999984741211,49.802093505859375,752400
2012-11-28,57.849998474121094,59.220001220703125,57.43000030517578,59.189998626708984,50.90288543701172,1013600
2012-11-29,59.47999954223633,60.529998779296875,59.25,60.16999816894531,51.745689392089844,1151600
2012-11-30,60.0,60.709999084472656,59.540000915527344,59.790000915527344,51.41889953613281,1041600
2012-12-03,60.11000061035156,60.540000915527344,58.7599983215332,58.83000183105469,50.593299865722656,939400
2012-12-04,58.93000030517578,59.38999938964844,58.61000061035156,58.959999084472656,50.705081939697266,548800
2012-12-05,58.9900016784668,59.47999954223633,58.52000045776367,59.13999938964844,50.859893798828125,462500
2012-12-06,59.150001525878906,59.43000030517578,58.849998474121094,59.18000030517578,50.894283294677734,439500
2012-12-07,59.380001068115234,59.40999984741211,58.939998626708984,59.20000076293945,50.911476135253906,478300
2012-12-10,59.20000076293945,59.959999084472656,58.4900016784668,59.7599983215332,51.39308166503906,437100
2012-12-11,59.900001525878906,60.630001068115234,59.68000030517578,59.900001525878906,51.513492584228516,715500
2012-12-12,60.06999969482422,60.220001220703125,59.150001525878906,59.38999938964844,51.2459831237793,370100
2012-12-13,59.34000015258789,60.0,58.880001068115234,59.27000045776367,51.1424446105957,609800
2012-12-14,59.36000061035156,59.880001068115234,59.0099983215332,59.369998931884766,51.22873306274414,365500
2012-12-17,59.380001068115234,60.220001220703125,59.380001068115234,60.189998626708984,51.93628692626953,734000
2012-12-18,60.18000030517578,61.81999969482422,60.18000030517578,61.790000915527344,53.3168830871582,774700
2012-12-19,61.75,62.5099983215332,61.75,62.02000045776367,53.51534652709961,792000
2012-12-20,61.970001220703125,62.27000045776367,61.47999954223633,62.04999923706055,53.54122543334961,474600
2012-12-21,61.130001068115234,62.11000061035156,60.72999954223633,61.65999984741211,53.204708099365234,1179400
2012-12-24,61.43000030517578,61.97999954223633,61.11000061035156,61.93000030517578,53.43769073486328,156700
2012-12-26,62.060001373291016,62.400001525878906,61.54999923706055,61.66999816894531,53.21332550048828,327400
2012-12-27,61.81999969482422,62.13999938964844,60.720001220703125,61.70000076293945,53.23923110961914,372900
2012-12-28,61.27000045776367,61.61000061035156,60.86000061035156,60.88999938964844,52.54029846191406,228000
2012-12-31,60.61000061035156,62.36000061035156,60.61000061035156,62.119998931884766,53.60163116455078,343700
2013-01-02,63.689998626708984,64.72000122070312,63.689998626708984,64.30000305175781,55.482704162597656,568100
2013-01-03,64.33000183105469,64.69999694824219,63.56999969482422,63.880001068115234,55.12028121948242,408000
2013-01-04,63.81999969482422,64.80999755859375,63.779998779296875,64.62999725341797,55.76743698120117,441300
2013-01-07,64.12000274658203,65.08000183105469,64.0,64.94999694824219,56.04355239868164,668600
2013-01-08,64.4000015258789,64.58999633789062,63.52000045776367,63.77000045776367,55.02537155151367,318000
2013-01-09,63.900001525878906,64.30999755859375,63.59000015258789,64.12000274658203,55.32738494873047,389800
2013-01-10,64.41000366210938,64.70999908447266,63.720001220703125,64.16999816894531,55.37052536010742,403400
2013-01-11,64.16000366210938,64.23999786376953,63.54999923706055,63.970001220703125,55.19794464111328,406300
2013-01-14,63.90999984741211,64.62999725341797,63.75,64.62999725341797,55.76743698120117,259200
2013-01-15,64.5999984741211,65.3499984741211,64.29000091552734,65.0999984741211,56.17299270629883,793000
2013-01-16,64.87000274658203,65.0,64.41999816894531,64.61000061035156,55.75019073486328,377600
2013-01-17,65.0199966430664,65.58000183105469,64.8499984741211,65.26000213623047,56.311058044433594,640800
2013-01-18,65.54000091552734,65.54000091552734,64.33000183105469,64.44000244140625,55.6035041809082,754700
2013-01-22,64.52999877929688,64.69999694824219,63.97999954223633,64.33000183105469,55.50859069824219,1056600
2013-01-23,65.7300033569336,67.75,63.880001068115234,64.66999816894531,55.801971435546875,2728900
2013-01-24,63.4900016784668,63.59000015258789,60.709999084472656,62.11000061035156,53.593017578125,1892000
2013-01-25,62.52000045776367,62.79999923706055,61.41999816894531,62.43000030517578,53.86910629272461,1025300
2013-01-28,62.5,63.349998474121094,62.099998474121094,63.15999984741211,54.4990119934082,879900
2013-01-29,62.9900016784668,63.5,62.869998931884766,63.189998626708984,54.524906158447266,663600
2013-01-30,63.2599983215332,63.2599983215332,62.33000183105469,62.4900016784668,53.92088317871094,552400
2013-01-31,61.9900016784668,62.029998779296875,61.279998779296875,61.310001373291016,52.9027099609375,715100
2013-02-01,61.970001220703125,61.970001220703125,61.15999984741211,61.75,53.28236770629883,725300
2013-02-04,61.2400016784668,61.9900016784668,61.119998931884766,61.599998474121094,53.15293884277344,609600
2013-02-05,61.900001525878906,62.70000076293945,61.900001525878906,62.27000045776367,53.7310791015625,687200
2013-02-06,61.790000915527344,62.63999938964844,61.650001525878906,62.029998779296875,53.52397537231445,562700
2013-02-07,62.06999969482422,62.09000015258789,61.189998626708984,61.58000183105469,53.135684967041016,509300
2013-02-08,61.779998779296875,63.02000045776367,61.779998779296875,62.65999984741211,54.06758499145508,422700
2013-02-11,62.68000030517578,62.939998626708984,62.400001525878906,62.7599983215332,54.15386962890625,428200
2013-02-12,62.45000076293945,62.939998626708984,62.27000045776367,62.70000076293945,54.102108001708984,376300
2013-02-13,64.05000305175781,66.83000183105469,64.05000305175781,66.1500015258789,57.079010009765625,1949000
2013-02-14,65.8499984741211,65.98999786376953,65.27999877929688,65.41000366210938,56.44049072265625,585300
2013-02-15,65.37000274658203,65.86000061035156,65.0,65.41999816894531,56.449119567871094,378800
2013-02-19,65.6500015258789,66.80999755859375,65.6500015258789,65.83999633789062,56.8115234375,731100
2013-02-20,65.69999694824219,65.93000030517578,64.05000305175781,64.05999755859375,55.275604248046875,462100
2013-02-21,63.7599983215332,64.27999877929688,63.2599983215332,64.12999725341797,55.336002349853516,694100
2013-02-22,64.4800033569336,65.25,64.38999938964844,65.0,56.08671188354492,551300
2013-02-25,65.30999755859375,65.30999755859375,63.400001525878906,63.400001525878906,54.70611572265625,665100
2013-02-26,63.68000030517578,64.16000366210938,63.5,63.86000061035156,55.103031158447266,515600
2013-02-27,63.86000061035156,65.5199966430664,63.790000915527344,65.22000122070312,56.27652359008789,244900
2013-02-28,65.20999908447266,65.72000122070312,65.08000183105469,65.08000183105469,56.155738830566406,350400
2013-03-01,64.41000366210938,64.6500015258789,63.380001068115234,64.29000091552734,55.474063873291016,718200
2013-03-04,64.0999984741211,64.4800033569336,63.31999969482422,63.59000015258789,54.87005615234375,704200
2013-03-05,64.01000213623047,64.76000213623047,63.459999084472656,63.560001373291016,54.844173431396484,1125300
2013-03-06,63.95000076293945,65.25,63.779998779296875,64.62999725341797,55.76743698120117,921400
2013-03-07,64.73999786376953,65.18000030517578,64.02999877929688,64.20999908447266,55.40503692626953,545900
2013-03-08,64.68000030517578,65.63999938964844,64.31999969482422,65.61000061035156,56.6130485534668,648700
2013-03-11,65.4000015258789,65.4800033569336,64.80999755859375,65.41999816894531,56.449119567871094,415000
2013-03-12,65.47000122070312,65.81999969482422,64.88999938964844,64.9000015258789,56.00041961669922,439200
2013-03-13,64.88999938964844,65.2699966430664,64.44999694824219,64.9800033569336,56.27756881713867,388600
2013-03-14,65.19000244140625,65.5999984741211,64.73999786376953,65.55999755859375,56.77988052368164,271400
2013-03-15,65.33000183105469,65.33999633789062,63.099998474121094,63.209999084472656,54.74460983276367,1321200
2013-03-18,62.349998474121094,62.79999923706055,62.08000183105469,62.439998626708984,54.07771682739258,1054200
2013-03-19,62.560001373291016,62.79999923706055,61.9900016784668,62.61000061035156,54.22496795654297,597400
2013-03-20,62.959999084472656,63.16999816894531,62.029998779296875,62.20000076293945,53.869876861572266,526500
2013-03-21,61.75,62.470001220703125,60.959999084472656,62.189998626708984,53.861209869384766,922000
2013-03-22,62.38999938964844,62.439998626708984,60.97999954223633,61.16999816894531,52.97782897949219,678600
2013-03-25,61.34000015258789,62.150001525878906,60.7400016784668,61.81999969482422,53.54075241088867,737000
2013-03-26,61.9900016784668,62.45000076293945,61.77000045776367,62.0099983215332,53.705322265625,471700
2013-03-27,61.529998779296875,62.33000183105469,61.2599983215332,61.75,53.480133056640625,658700
2013-03-28,61.63999938964844,62.68000030517578,61.33000183105469,62.52000045776367,54.14701461791992,436100
2013-04-01,62.220001220703125,62.540000915527344,60.91999816894531,61.29999923706055,53.090396881103516,746900
2013-04-02,61.5,61.529998779296875,60.93000030517578,61.15999984741211,52.96916198730469,581200
2013-04-03,61.20000076293945,61.68000030517578,59.779998779296875,60.2599983215332,52.1896858215332,597900
2013-04-04,60.369998931884766,61.290000915527344,60.369998931884766,61.04999923706055,52.87388610839844,387400
2013-04-05,60.119998931884766,62.029998779296875,60.06999969482422,61.77000045776367,53.497474670410156,770100
2013-04-08,61.61000061035156,62.63999938964844,61.04999923706055,62.189998626708984,53.861209869384766,632600
2013-04-09,62.40999984741211,62.689998626708984,61.27000045776367,61.91999816894531,53.62736892700195,676200
2013-04-10,61.08000183105469,62.279998779296875,60.45000076293945,62.2400016784668,53.904518127441406,1075800
2013-04-11,62.34000015258789,63.27000045776367,61.86000061035156,61.93000030517578,53.63603591918945,937900
2013-04-12,61.900001525878906,62.060001373291016,60.4900016784668,60.869998931884766,52.717994689941406,731200
2013-04-15,60.36000061035156,60.5,58.90999984741211,59.2400016784668,51.30630111694336,861200
2013-04-16,59.95000076293945,61.63999938964844,59.380001068115234,61.61000061035156,53.35889434814453,719500
2013-04-17,60.810001373291016,61.09000015258789,60.02000045776367,60.2400016784668,52.17237091064453,950100
2013-04-18,58.959999084472656,58.9900016784668,57.0099983215332,57.75,50.01585006713867,2157100
2013-04-19,57.06999969482422,58.970001220703125,56.63999938964844,58.81999969482422,50.94253921508789,1526500
2013-04-22,58.790000915527344,59.47999954223633,57.939998626708984,58.9900016784668,51.08976364135742,774800
2013-04-23,59.25,59.65999984741211,58.810001373291016,59.119998931884766,51.20235824584961,843500
2013-04-24,59.349998474121094,59.90999984741211,58.790000915527344,59.0,51.09843063354492,1667900
2013-04-25,59.47999954223633,59.56999969482422,59.06999969482422,59.279998779296875,51.340938568115234,1125800
2013-04-26,59.400001525878906,59.619998931884766,58.4900016784668,58.86000061035156,50.977176666259766,610700
2013-04-29,58.97999954223633,59.66999816894531,58.7400016784668,59.470001220703125,51.505489349365234,845100
2013-04-30,59.650001525878906,61.25,59.25,61.25,53.04710388183594,1170600
2013-05-01,60.81999969482422,61.2400016784668,59.04999923706055,59.130001068115234,51.21101760864258,648000
2013-05-02,59.41999816894531,60.0,59.029998779296875,59.880001068115234,51.86058044433594,465700
2013-05-03,60.540000915527344,61.95000076293945,60.540000915527344,61.27000045776367,53.06441879272461,466100
2013-05-06,61.220001220703125,61.689998626708984,60.95000076293945,61.54999923706055,53.306922912597656,563900
2013-05-07,61.560001373291016,62.45000076293945,61.45000076293945,62.18000030517578,53.85255813598633,686500
2013-05-08,62.0,63.529998779296875,61.90999984741211,63.529998779296875,55.021751403808594,807400
2013-05-09,63.380001068115234,63.900001525878906,62.93000030517578,63.369998931884766,54.8831787109375,534400
2013-05-10,63.560001373291016,64.20999908447266,63.380001068115234,64.1500015258789,55.55872344970703,600800
2013-05-13,64.1500015258789,64.20999908447266,63.630001068115234,63.970001220703125,55.40282440185547,710200
2013-05-14,63.86000061035156,65.0,63.86000061035156,64.86000061035156,56.173641204833984,557100
2013-05-15,64.69000244140625,65.83999633789062,64.68000030517578,65.83000183105469,57.013736724853516,635600
2013-05-16,65.68000030517578,66.66999816894531,65.6500015258789,66.2699966430664,57.394805908203125,837000
2013-05-17,66.61000061035156,67.6500015258789,66.4800033569336,67.33999633789062,58.321495056152344,715400
2013-05-20,67.20999908447266,67.20999908447266,66.0,66.31999969482422,57.43809509277344,887800
2013-05-21,66.45999908447266,67.44999694824219,66.45999908447266,66.94000244140625,57.975067138671875,431400
2013-05-22,66.94000244140625,67.95999908447266,66.0199966430664,66.43000030517578,57.533382415771484,444200
2013-05-23,65.61000061035156,66.62000274658203,65.01000213623047,66.61000061035156,57.68925857543945,600700
2013-05-24,66.22000122070312,66.5999984741211,66.08000183105469,66.44000244140625,57.54204177856445,439500
2013-05-28,67.31999969482422,67.7699966430664,67.19000244140625,67.75,58.67659378051758,781700
2013-05-29,67.08000183105469,67.79000091552734,66.91999816894531,67.48999786376953,58.451416015625,448800
2013-05-30,67.54000091552734,69.02999877929688,67.44999694824219,69.0,59.75918197631836,1031500
2013-05-31,68.31999969482422,68.55000305175781,66.83000183105469,66.91999816894531,57.95775604248047,992000
2013-06-03,66.9000015258789,67.06999969482422,65.16000366210938,65.73999786376953,56.93578338623047,933800
2013-06-04,65.79000091552734,66.63999938964844,65.3499984741211,65.8499984741211,57.031036376953125,345700
2013-06-05,65.62999725341797,65.91000366210938,64.63999938964844,64.79000091552734,56.11301040649414,450700
2013-06-06,64.80000305175781,65.38999938964844,63.40999984741211,64.37000274658203,55.7492561340332,1116700
2013-06-07,64.4000015258789,64.52999877929688,63.33000183105469,64.13999938964844,55.55006790161133,673400
2013-06-10,64.31999969482422,64.51000213623047,63.029998779296875,63.5,54.995765686035156,942800
2013-06-11,62.75,63.400001525878906,61.959999084472656,62.84000015258789,54.42416763305664,583400
2013-06-12,63.11000061035156,63.29999923706055,61.83000183105469,61.880001068115234,53.798194885253906,593700
2013-06-13,61.66999816894531,63.560001373291016,61.52000045776367,63.36000061035156,55.08490753173828,398800
2013-06-14,63.38999938964844,63.689998626708984,62.900001525878906,62.97999954223633,54.754539489746094,409600
2013-06-17,63.59000015258789,63.84000015258789,62.900001525878906,63.29999923706055,55.03274154663086,524100
2013-06-18,63.220001220703125,64.41000366210938,63.220001220703125,63.9900016784668,55.63261413574219,267100
2013-06-19,63.97999954223633,64.08999633789062,63.36000061035156,63.400001525878906,55.11968231201172,368700
2013-06-20,62.43000030517578,63.06999969482422,61.959999084472656,62.25,54.119876861572266,851100
2013-06-21,62.619998931884766,62.720001220703125,61.470001220703125,61.970001220703125,53.87643814086914,976900
2013-06-24,61.29999923706055,61.75,60.25,61.22999954223633,53.23308563232422,802800
2013-06-25,61.93000030517578,62.470001220703125,61.75,62.209999084472656,54.08510208129883,600400
2013-06-26,62.939998626708984,63.18000030517578,62.18000030517578,62.65999984741211,54.476322174072266,468100
2013-06-27,63.02000045776367,63.29999923706055,62.54999923706055,62.75,54.554561614990234,430300
2013-06-28,62.56999969482422,63.790000915527344,61.709999084472656,62.290000915527344,54.1546516418457,996300
2013-07-01,62.59000015258789,63.59000015258789,62.58000183105469,63.029998779296875,54.79799270629883,780700
2013-07-02,63.08000183105469,63.689998626708984,62.70000076293945,63.040000915527344,54.806697845458984,540500
2013-07-03,62.72999954223633,63.2400016784668,62.54999923706055,62.849998474121094,54.64151382446289,272600
2013-07-05,63.41999816894531,63.90999984741211,63.08000183105469,63.66999816894531,55.354408264160156,338800
2013-07-08,63.70000076293945,64.27999877929688,63.06999969482422,63.369998931884766,55.093597412109375,530600
2013-07-09,63.81999969482422,65.1500015258789,63.720001220703125,64.69000244140625,56.2412109375,466900
2013-07-10,64.77999877929688,65.5999984741211,64.66000366210938,65.20999908447266,56.693275451660156,518600
2013-07-11,66.33000183105469,66.38999938964844,64.7699966430664,65.05999755859375,56.562870025634766,599200
2013-07-12,65.02999877929688,65.06999969482422,64.19000244140625,64.80000305175781,56.33683395385742,654200
2013-07-15,64.80000305175781,65.2699966430664,64.33999633789062,64.63999938964844,56.197731018066406,587200
2013-07-16,64.87000274658203,65.23999786376953,63.88999938964844,64.69999694824219,56.2498893737793,645000
2013-07-17,64.95999908447266,65.5,64.69999694824219,64.79000091552734,56.32814025878906,689400
2013-07-18,63.06999969482422,63.27000045776367,60.15999984741211,62.77000045776367,54.57195281982422,2510200
2013-07-19,62.459999084472656,63.02000045776367,61.790000915527344,62.81999969482422,54.61543273925781,1027800
2013-07-22,62.720001220703125,62.91999816894531,62.09000015258789,62.560001373291016,54.389381408691406,1004700
2013-07-23,62.84000015258789,63.11000061035156,62.470001220703125,62.810001373291016,54.60673522949219,603800
2013-07-24,62.97999954223633,63.150001525878906,62.29999923706055,62.63999938964844,54.45893478393555,798000
2013-07-25,62.560001373291016,62.95000076293945,62.20000076293945,62.47999954223633,54.31983184814453,1172100
2013-07-26,62.20000076293945,62.41999816894531,61.47999954223633,61.7400016784668,53.676483154296875,1034500
2013-07-29,61.43000030517578,62.0099983215332,61.25,61.75,53.68517303466797,946200
2013-07-30,61.79999923706055,62.900001525878906,61.529998779296875,61.880001068115234,53.798194885253906,1418200
2013-07-31,61.88999938964844,62.9900016784668,61.84000015258789,62.0099983215332,53.91122055053711,1172000
2013-08-01,62.4900016784668,62.88999938964844,62.310001373291016,62.380001068115234,54.23289489746094,1296900
2013-08-02,62.29999923706055,62.68000030517578,61.880001068115234,62.31999969482422,54.180728912353516,1831200
2013-08-05,62.33000183105469,63.36000061035156,62.130001068115234,63.2599983215332,54.997947692871094,1351900
2013-08-06,63.0,63.27000045776367,62.7400016784668,63.13999938964844,54.893638610839844,1008200
2013-08-07,62.810001373291016,63.33000183105469,62.56999969482422,63.119998931884766,54.87625503540039,1038500
2013-08-08,63.36000061035156,63.599998474121094,62.900001525878906,63.16999816894531,54.91971969604492,696000
2013-08-09,62.9900016784668,63.4900016784668,62.72999954223633,62.90999984741211,54.69367218017578,589000
2013-08-12,62.70000076293945,63.63999938964844,62.70000076293945,63.400001525878906,55.11968231201172,438400
2013-08-13,63.29999923706055,63.5099983215332,62.869998931884766,63.27000045776367,55.00666427612305,415900
2013-08-14,63.25,63.63999938964844,62.650001525878906,62.91999816894531,54.702369689941406,556700
2013-08-15,62.43000030517578,62.66999816894531,62.0,62.459999084472656,54.30244445800781,788200
2013-08-16,62.25,62.459999084472656,61.869998931884766,62.29999923706055,54.1633415222168,494300
2013-08-19,62.099998474121094,62.630001068115234,61.959999084472656,62.400001525878906,54.250282287597656,503600
2013-08-20,62.33000183105469,63.040000915527344,62.209999084472656,62.41999816894531,54.26767349243164,335600
2013-08-21,62.290000915527344,62.75,61.90999984741211,62.029998779296875,53.92860794067383,311800
2013-08-22,62.2400016784668,62.97999954223633,62.02000045776367,62.63999938964844,54.45893478393555,253900
2013-08-23,62.93000030517578,63.08000183105469,62.380001068115234,62.84000015258789,54.632816314697266,485200
2013-08-26,62.869998931884766,63.61000061035156,62.81999969482422,62.91999816894531,54.702369689941406,586600
2013-08-27,62.349998474121094,63.040000915527344,62.0,62.59000015258789,54.41548156738281,633700
2013-08-28,62.5,62.869998931884766,62.369998931884766,62.54999923706055,54.38068771362305,467700
2013-08-29,62.400001525878906,63.22999954223633,62.369998931884766,62.7599983215332,54.563262939453125,407500
2013-08-30,62.75,63.20000076293945,62.06999969482422,62.369998931884766,54.22419357299805,578100
2013-09-03,63.04999923706055,63.279998779296875,61.70000076293945,62.130001068115234,54.01554489135742,1022300
2013-09-04,62.08000183105469,62.79999923706055,61.77000045776367,62.2599983215332,54.12856674194336,793500
2013-09-05,62.40999984741211,62.970001220703125,62.09000015258789,62.34000015258789,54.198123931884766,560300
2013-09-06,62.58000183105469,62.880001068115234,61.61000061035156,61.959999084472656,53.86775207519531,674500
2013-09-09,62.189998626708984,62.709999084472656,61.91999816894531,62.20000076293945,54.07640838623047,488100
2013-09-10,62.7400016784668,64.0999984741211,62.689998626708984,64.08999633789062,55.71955490112305,1054900
2013-09-11,63.91999816894531,64.01000213623047,62.75,63.529998779296875,55.4403076171875,602600
2013-09-12,63.380001068115234,63.619998931884766,62.650001525878906,63.18000030517578,55.13487243652344,678300
2013-09-13,63.11000061035156,63.650001525878906,62.709999084472656,63.099998474121094,55.065067291259766,432500
2013-09-16,63.709999084472656,63.7400016784668,62.970001220703125,63.52000045776367,55.431583404541016,838700
2013-09-17,63.41999816894531,63.75,62.880001068115234,63.349998474121094,55.28322219848633,641000
2013-09-18,63.380001068115234,63.5099983215332,62.72999954223633,63.25,55.19595718383789,1035500
2013-09-19,63.43000030517578,64.38999938964844,63.33000183105469,63.58000183105469,55.48394012451172,653000
2013-09-20,63.650001525878906,64.16000366210938,62.970001220703125,63.16999816894531,55.12614822387695,1176400
2013-09-23,63.0,63.41999816894531,62.709999084472656,63.02000045776367,54.995243072509766,696000
2013-09-24,62.27000045776367,62.7400016784668,60.88999938964844,62.470001220703125,54.51527786254883,965000
2013-09-25,62.369998931884766,62.79999923706055,62.040000915527344,62.27000045776367,54.34076690673828,501800
2013-09-26,62.439998626708984,63.400001525878906,62.439998626708984,62.95000076293945,54.93416213989258,738000
2013-09-27,62.779998779296875,63.06999969482422,62.40999984741211,62.77000045776367,54.777076721191406,352700
2013-09-30,62.099998474121094,63.040000915527344,62.02000045776367,62.939998626708984,54.925445556640625,643200
2013-10-01,62.650001525878906,64.23999786376953,62.5,63.689998626708984,55.579933166503906,884600
2013-10-02,63.29999923706055,63.81999969482422,62.9900016784668,63.77000045776367,55.649749755859375,799800
2013-10-03,63.59000015258789,64.30999755859375,63.279998779296875,63.95000076293945,55.80682373046875,841600
2013-10-04,63.880001068115234,64.73999786376953,63.689998626708984,64.6500015258789,56.41768264770508,909900
2013-10-07,64.19000244140625,64.79000091552734,62.93000030517578,64.13999938964844,55.972633361816406,559600
2013-10-08,64.01000213623047,64.12000274658203,63.290000915527344,63.33000183105469,55.265777587890625,937200
2013-10-09,63.36000061035156,63.619998931884766,62.77000045776367,63.040000915527344,55.01271057128906,860000
2013-10-10,63.380001068115234,63.83000183105469,63.349998474121094,63.7599983215332,55.64101791381836,559500
2013-10-11,63.31999969482422,63.650001525878906,63.0,63.529998779296875,55.4403076171875,1220400
2013-10-14,63.400001525878906,64.19000244140625,63.29999923706055,63.9900016784668,55.84172439575195,654400
2013-10-15,64.0,64.55999755859375,63.630001068115234,64.23999786376953,56.05989074707031,769600
2013-10-16,64.56999969482422,64.83999633789062,64.16000366210938,64.41999816894531,56.21697998046875,1072700
2013-10-17,64.6500015258789,67.44999694824219,64.0199966430664,67.44999694824219,58.861122131347656,2281400
2013-10-18,66.88999938964844,67.41000366210938,66.44000244140625,67.30000305175781,58.73023223876953,931600
2013-10-21,67.44000244140625,67.48999786376953,66.55000305175781,66.79000091552734,58.28520584106445,850600
2013-10-22,67.01000213623047,67.44000244140625,66.9000015258789,67.19000244140625,58.634254455566406,559500
2013-10-23,67.0,67.44000244140625,66.80000305175781,67.38999938964844,58.808773040771484,407800
2013-10-24,67.30000305175781,67.7699966430664,67.16999816894531,67.5999984741211,58.992034912109375,417500
2013-10-25,67.58000183105469,67.9800033569336,66.68000030517578,67.5999984741211,58.992034912109375,378000
2013-10-28,67.47000122070312,67.77999877929688,66.77999877929688,67.12000274658203,58.573158264160156,472400
2013-10-29,67.0999984741211,67.43000030517578,66.25,66.83999633789062,58.32881546020508,564400
2013-10-30,66.91999816894531,67.12999725341797,65.9800033569336,66.26000213623047,57.82267379760742,527300
2013-10-31,66.3499984741211,66.66000366210938,65.91999816894531,66.19000244140625,57.761592864990234,654100
2013-11-01,66.12000274658203,67.01000213623047,66.11000061035156,66.7699966430664,58.26773452758789,412700
2013-11-04,66.79000091552734,67.37000274658203,66.79000091552734,67.16000366210938,58.60807800292969,484900
2013-11-05,66.91999816894531,67.26000213623047,66.25,66.69000244140625,58.197933197021484,296600
2013-11-06,66.88999938964844,67.44999694824219,66.72000122070312,67.08000183105469,58.538265228271484,208500
2013-11-07,67.18000030517578,67.5199966430664,66.44000244140625,66.58000183105469,58.101932525634766,328400
2013-11-08,66.45999908447266,67.33999633789062,66.45999908447266,67.33999633789062,58.76515197753906,513100
2013-11-11,67.19999694824219,67.54000091552734,66.88999938964844,67.3499984741211,58.77387237548828,317200
2013-11-12,67.2300033569336,67.87999725341797,66.91000366210938,67.23999786376953,58.67789077758789,620900
2013-11-13,67.0199966430664,67.58999633789062,66.87000274658203,67.41000366210938,58.826236724853516,432100
2013-11-14,67.56999969482422,67.91000366210938,67.29000091552734,67.55000305175781,58.94842529296875,328100
2013-11-15,67.51000213623047,67.68000030517578,67.31999969482422,67.58000183105469,58.974609375,372000
2013-11-18,67.7699966430664,67.81999969482422,67.25,67.52999877929688,58.93095397949219,357300
2013-11-19,67.47000122070312,67.69000244140625,66.91000366210938,67.23999786376953,58.67789077758789,381300
2013-11-20,67.33000183105469,67.58000183105469,67.05999755859375,67.27999877929688,58.712799072265625,374700
2013-11-21,67.41000366210938,68.33000183105469,67.08999633789062,68.12999725341797,59.454566955566406,468700
2013-11-22,68.0999984741211,68.38999938964844,67.70999908447266,68.29000091552734,59.594181060791016,305600
2013-11-25,68.25,68.69000244140625,68.12000274658203,68.5,59.77745056152344,395500
2013-11-26,68.5,68.6500015258789,67.91999816894531,67.98999786376953,59.332374572753906,678300
2013-11-27,68.02999877929688,69.02999877929688,67.76000213623047,69.0,60.213775634765625,522900
2013-11-29,69.19000244140625,69.5,68.68000030517578,68.70999908447266,59.96070861816406,267000
2013-12-02,68.87000274658203,69.83000183105469,68.51000213623047,68.88999938964844,60.117774963378906,643500
2013-12-03,68.62999725341797,69.08000183105469,67.7300033569336,68.26000213623047,59.56800079345703,503300
2013-12-04,68.02999877929688,68.69000244140625,67.30999755859375,67.91999816894531,59.27130126953125,407200
2013-12-05,67.76000213623047,68.72000122070312,67.41000366210938,68.30000305175781,59.6029167175293,532700
2013-12-06,68.93000030517578,69.68000030517578,68.83999633789062,69.5199966430664,60.66754913330078,349000
2013-12-09,69.54000091552734,69.79000091552734,69.2699966430664,69.55000305175781,60.693748474121094,393400
2013-12-10,69.37999725341797,70.0,69.3499984741211,69.48999786376953,60.641380310058594,418900
2013-12-11,69.4000015258789,69.8499984741211,67.9800033569336,68.16000366210938,59.68686294555664,462900
2013-12-12,67.97000122070312,68.41000366210938,67.44000244140625,67.54000091552734,59.14397048950195,584600
2013-12-13,67.75,67.9800033569336,67.5199966430664,67.93000030517578,59.4854736328125,281300
2013-12-16,68.2699966430664,69.33000183105469,67.93000030517578,68.05999755859375,59.599300384521484,320600
2013-12-17,68.12000274658203,68.80999755859375,67.81999969482422,68.7699966430664,60.221038818359375,519800
2013-12-18,66.0,66.33000183105469,63.630001068115234,63.810001373291016,55.877647399902344,2349100
2013-12-19,63.43000030517578,63.689998626708984,62.47999954223633,63.130001068115234,55.28218460083008,1333600
2013-12-20,62.90999984741211,63.91999816894531,62.790000915527344,63.59000015258789,55.68498611450195,1135800
2013-12-23,63.83000183105469,63.83000183105469,62.41999816894531,62.459999084472656,54.695457458496094,1068500
2013-12-24,62.29999923706055,62.959999084472656,62.02000045776367,62.65999984741211,54.87059020996094,412500
2013-12-26,63.0099983215332,63.560001373291016,63.0,63.369998931884766,55.49233627319336,363300
2013-12-27,63.5099983215332,63.939998626708984,63.369998931884766,63.560001373291016,55.65871810913086,276600
2013-12-30,63.560001373291016,63.95000076293945,63.2599983215332,63.2599983215332,55.39601135253906,476300
2013-12-31,63.18000030517578,63.54999923706055,63.119998931884766,63.38999938964844,55.50985336303711,386900
2014-01-02,63.380001068115234,63.599998474121094,62.599998474121094,63.13999938964844,55.290931701660156,548800
2014-01-03,63.2400016784668,63.34000015258789,62.779998779296875,63.25,55.387245178222656,402000
2014-01-06,63.369998931884766,63.369998931884766,62.38999938964844,63.11000061035156,55.264652252197266,842700
2014-01-07,63.529998779296875,63.959999084472656,62.900001525878906,63.540000915527344,55.64120101928711,662700
2014-01-08,63.63999938964844,64.9000015258789,63.63999938964844,64.87000274658203,56.80588912963867,1125600
2014-01-09,65.55000305175781,66.37999725341797,65.0,65.83000183105469,57.64653396606445,1037300
2014-01-10,65.87000274658203,66.51000213623047,65.41999816894531,66.48999786376953,58.22447967529297,929800
2014-01-13,66.29000091552734,66.55999755859375,65.4800033569336,65.75,57.576473236083984,744800
2014-01-14,65.81999969482422,66.62000274658203,65.5,66.61000061035156,58.32956314086914,535700
2014-01-15,66.62999725341797,67.30999755859375,66.62999725341797,66.73999786376953,58.44340896606445,444400
2014-01-16,66.69000244140625,66.86000061035156,66.16000366210938,66.37000274658203,58.119415283203125,342000
2014-01-17,66.38999938964844,66.38999938964844,65.73999786376953,66.0,57.79539489746094,382000
2014-01-21,66.19000244140625,66.48999786376953,65.91000366210938,66.1500015258789,57.926753997802734,420300
2014-01-22,66.54000091552734,66.7699966430664,66.0,66.30000305175781,58.0580940246582,254500
2014-01-23,65.93000030517578,66.23999786376953,65.22000122070312,65.5199966430664,57.37506103515625,389800
2014-01-24,65.29000091552734,65.29000091552734,63.22999954223633,63.310001373291016,55.43979263305664,758500
2014-01-27,63.27000045776367,64.16999816894531,62.65999984741211,63.59000015258789,55.68498611450195,550000
2014-01-28,63.689998626708984,63.779998779296875,62.56999969482422,63.20000076293945,55.343475341796875,717000
2014-01-29,63.83000183105469,66.52999877929688,63.22999954223633,65.25,57.13862228393555,1610000
2014-01-30,65.2699966430664,65.63999938964844,64.18000030517578,64.62000274658203,56.58696365356445,723400
2014-01-31,64.05999755859375,65.0999984741211,64.01000213623047,64.18000030517578,56.201656341552734,646600
2014-02-03,64.4800033569336,64.54000091552734,62.150001525878906,62.22999954223633,54.49405288696289,1334800
2014-02-04,63.18000030517578,63.18000030517578,61.880001068115234,62.209999084472656,54.47654342651367,1088200
2014-02-05,62.099998474121094,62.61000061035156,60.91999816894531,62.4900016784668,54.72172164916992,820400
2014-02-06,62.54999923706055,63.040000915527344,62.29999923706055,62.880001068115234,55.06324768066406,409600
2014-02-07,63.099998474121094,63.56999969482422,62.83000183105469,63.47999954223633,55.58865737915039,337500
2014-02-10,63.150001525878906,64.11000061035156,63.150001525878906,63.709999084472656,55.790061950683594,356300
2014-02-11,63.599998474121094,64.44999694824219,63.459999084472656,64.0999984741211,56.131595611572266,377200
2014-02-12,64.08000183105469,64.58999633789062,64.08000183105469,64.47000122070312,56.45559310913086,451500
2014-02-13,64.16000366210938,65.06999969482422,63.599998474121094,64.80999755859375,56.753334045410156,392500
2014-02-14,64.87000274658203,65.4800033569336,64.58999633789062,65.26000213623047,57.14738845825195,245400
2014-02-18,65.38999938964844,65.38999938964844,64.31999969482422,64.4800033569336,56.4643440246582,451500
2014-02-19,64.5,65.1500015258789,64.36000061035156,64.41000366210938,56.40304946899414,749300
2014-02-20,64.44999694824219,64.75,64.36000061035156,64.44000244140625,56.429325103759766,553600
2014-02-21,64.58000183105469,64.83999633789062,63.81999969482422,63.90999984741211,55.96521759033203,666900
2014-02-24,63.91999816894531,64.12999725341797,63.59000015258789,63.84000015258789,55.90391159057617,513900
2014-02-25,63.9900016784668,64.66000366210938,63.59000015258789,64.27999877929688,56.289207458496094,481100
2014-02-26,65.66000366210938,65.66000366210938,64.31999969482422,65.55999755859375,57.410091400146484,565900
2014-02-27,65.37999725341797,65.66999816894531,65.06999969482422,65.58000183105469,57.4276123046875,274300
2014-02-28,65.48999786376953,66.47000122070312,65.3499984741211,65.98999786376953,57.786643981933594,380700
2014-03-03,65.2300033569336,66.25,65.16000366210938,65.73999786376953,57.567718505859375,729600
2014-03-04,66.16999816894531,67.25,65.8499984741211,66.04000091552734,57.83042907714844,1408300
2014-03-05,66.0999984741211,66.37999725341797,65.66999816894531,66.04000091552734,57.83042907714844,365300
2014-03-06,66.18000030517578,66.95999908447266,66.16999816894531,66.58000183105469,58.30329513549805,245700
2014-03-07,66.77999877929688,66.98999786376953,66.19000244140625,66.55000305175781,58.27702713012695,405000
2014-03-10,66.30000305175781,66.69999694824219,65.55000305175781,65.97000122070312,57.76912307739258,467300
2014-03-11,65.45999908447266,66.11000061035156,65.44999694824219,65.54000091552734,57.39259338378906,479500
2014-03-12,64.83999633789062,65.20999908447266,64.63999938964844,65.01000213623047,57.168338775634766,615600
2014-03-13,65.04000091552734,65.41999816894531,64.12000274658203,64.19999694824219,56.45604705810547,606800
2014-03-14,64.04000091552734,64.80000305175781,63.439998626708984,63.529998779296875,55.866851806640625,603200
2014-03-17,64.06999969482422,64.51000213623047,63.61000061035156,64.3499984741211,56.587947845458984,460900
2014-03-18,64.54000091552734,64.81999969482422,64.18000030517578,64.76000213623047,56.948490142822266,437200
2014-03-19,64.80999755859375,65.06999969482422,64.08000183105469,64.30000305175781,56.54399490356445,241200
2014-03-20,64.27999877929688,64.44000244140625,63.65999984741211,64.08000183105469,56.35051727294922,690800
2014-03-21,64.43000030517578,65.23999786376953,64.19000244140625,64.66000366210938,56.860557556152344,1080700
2014-03-24,64.83000183105469,65.47000122070312,64.16000366210938,64.41999816894531,56.64950942993164,643500
2014-03-25,65.16999816894531,65.48999786376953,64.62000274658203,64.8499984741211,57.02762985229492,336100
2014-03-26,65.05000305175781,65.52999877929688,64.3499984741211,64.36000061035156,56.59674072265625,420500
2014-03-27,64.48999786376953,65.11000061035156,64.3499984741211,64.88999938964844,57.062808990478516,495000
2014-03-28,64.87999725341797,65.29000091552734,64.69000244140625,65.0999984741211,57.247474670410156,351400
2014-03-31,65.5,66.62999725341797,65.2300033569336,66.41999816894531,58.40825271606445,510900
2014-04-01,66.58999633789062,66.87000274658203,65.87999725341797,66.44999694824219,58.43464660644531,475300
2014-04-02,66.66999816894531,67.08000183105469,66.11000061035156,66.91999816894531,58.847965240478516,329400
2014-04-03,67.0199966430664,67.5,66.62999725341797,66.80000305175781,58.742427825927734,444500
2014-04-04,67.2300033569336,67.2300033569336,65.56999969482422,66.11000061035156,58.135650634765625,546000
2014-04-07,66.08000183105469,66.08999633789062,64.91000366210938,65.02999877929688,57.18592071533203,415500
2014-04-08,64.87999725341797,65.69999694824219,64.69000244140625,65.37000274658203,57.48491668701172,499300
2014-04-09,65.5999984741211,66.47000122070312,65.48999786376953,66.06999969482422,58.1004753112793,754500
2014-04-10,65.9800033569336,66.37000274658203,65.05000305175781,65.12999725341797,57.27386474609375,719500
2014-04-11,64.9000015258789,65.69999694824219,64.6500015258789,64.86000061035156,57.036441802978516,497300
2014-04-14,65.18000030517578,65.80000305175781,64.88999938964844,65.58999633789062,57.678375244140625,572300
2014-04-15,65.72000122070312,65.83999633789062,64.55000305175781,65.62000274658203,57.704769134521484,686200
2014-04-16,66.05000305175781,66.43000030517578,65.63999938964844,66.27999877929688,58.285152435302734,492600
2014-04-17,66.94999694824219,67.02999877929688,65.30000305175781,66.68000030517578,58.63689422607422,437400
2014-04-21,66.55000305175781,67.23999786376953,66.1500015258789,67.19999694824219,59.09418487548828,706300
2014-04-22,67.4000015258789,67.86000061035156,67.19000244140625,67.73999786376953,59.569034576416016,448500
2014-04-23,67.79000091552734,68.2300033569336,66.81999969482422,67.06999969482422,58.979854583740234,705200
2014-04-24,67.0999984741211,67.19000244140625,66.73999786376953,66.83999633789062,58.777591705322266,677100
2014-04-25,66.61000061035156,66.7300033569336,65.75,65.8499984741211,57.907012939453125,363800
2014-04-28,66.22000122070312,66.30999755859375,65.37000274658203,66.0199966430664,58.0565071105957,507900
2014-04-29,66.30999755859375,67.08000183105469,66.30999755859375,66.58999633789062,58.55774688720703,410500
2014-04-30,66.61000061035156,67.2300033569336,66.2699966430664,67.04000091552734,58.9534797668457,481100
2014-05-01,67.54000091552734,67.95999908447266,67.26000213623047,67.73999786376953,59.569034576416016,450600
2014-05-02,67.83000183105469,68.62999725341797,67.45999908447266,68.0999984741211,59.8856086730957,633700
2014-05-05,67.80000305175781,68.91000366210938,67.80000305175781,68.56999969482422,60.298927307128906,548100
2014-05-06,68.31999969482422,68.75,68.06999969482422,68.23999786376953,60.00873565673828,803500
2014-05-07,68.45999908447266,68.69000244140625,68.0,68.5,60.23738479614258,555800
2014-05-08,68.33000183105469,68.87999725341797,67.97000122070312,68.13999938964844,59.92078399658203,628700
2014-05-09,68.04000091552734,68.5,67.68000030517578,68.2699966430664,60.035118103027344,381400
2014-05-12,68.5999984741211,69.58000183105469,68.5999984741211,69.36000061035156,60.99363327026367,383500
2014-05-13,69.36000061035156,69.88999938964844,69.04000091552734,69.06999969482422,60.73860549926758,401600
2014-05-14,68.9000015258789,69.33999633789062,68.69999694824219,68.9800033569336,60.659481048583984,349900
2014-05-15,68.81999969482422,69.12999725341797,67.5,67.66999816894531,59.507476806640625,728100
2014-05-16,67.7300033569336,67.88999938964844,67.0199966430664,67.72000122070312,59.55146408081055,673100
2014-05-19,67.58000183105469,68.63999938964844,67.47000122070312,67.88999938964844,59.70096206665039,607600
2014-05-20,67.91999816894531,68.08000183105469,67.25,67.47000122070312,59.33161163330078,561600
2014-05-21,67.73999786376953,68.31999969482422,67.5199966430664,68.06999969482422,59.859222412109375,507100
2014-05-22,68.0,68.47000122070312,67.77999877929688,68.06999969482422,59.859222412109375,396000
2014-05-23,68.08999633789062,68.87999725341797,67.93000030517578,68.66000366210938,60.378074645996094,434100
2014-05-27,68.94000244140625,69.30000305175781,68.5199966430664,68.58000183105469,60.30770492553711,226600
2014-05-28,68.41999816894531,68.62000274658203,67.88999938964844,68.44000244140625,60.18462371826172,375600
2014-05-29,68.62999725341797,69.38999938964844,68.19999694824219,69.33000183105469,60.96725082397461,407400
2014-05-30,69.18000030517578,69.4800033569336,68.86000061035156,69.19000244140625,60.84413528442383,323900
2014-06-02,69.29000091552734,69.81999969482422,68.86000061035156,69.66000366210938,61.25743103027344,379200
2014-06-03,69.37999725341797,70.30999755859375,69.1500015258789,70.0199966430664,61.574031829833984,503500
2014-06-04,69.83000183105469,70.91000366210938,69.6500015258789,70.8499984741211,62.30390548706055,697200
2014-06-05,71.12999725341797,71.86000061035156,70.75,71.47000122070312,62.849124908447266,658900
2014-06-06,71.58000183105469,72.31999969482422,71.45999908447266,72.18000030517578,63.473487854003906,540000
2014-06-09,72.05999755859375,72.69000244140625,72.0199966430664,72.2300033569336,63.5174560546875,474600
2014-06-10,72.12999725341797,72.41999816894531,71.68000030517578,72.22000122070312,63.50865936279297,379300
2014-06-11,71.70999908447266,72.37000274658203,71.30000305175781,71.5999984741211,63.20409393310547,381900
2014-06-12,71.5199966430664,71.83999633789062,70.73999786376953,70.83000183105469,62.524410247802734,356600
2014-06-13,70.80999755859375,71.19999694824219,70.73999786376953,71.0,62.67448043823242,598800
2014-06-16,71.05999755859375,71.19000244140625,70.37999725341797,70.44000244140625,62.18013000488281,495000
2014-06-17,70.4000015258789,71.69999694824219,70.26000213623047,71.33999633789062,62.97460174560547,723300
2014-06-18,71.41999816894531,71.6500015258789,70.58000183105469,71.08000183105469,62.74506378173828,402300
2014-06-19,71.06999969482422,71.55999755859375,71.06999969482422,71.31999969482422,62.9569206237793,276400
2014-06-20,71.62999725341797,71.83000183105469,71.08000183105469,71.5199966430664,63.133480072021484,422300
2014-06-23,71.47000122070312,71.58999633789062,71.01000213623047,71.19000244140625,62.84219741821289,356200
2014-06-24,71.13999938964844,71.87999725341797,70.47000122070312,70.55000305175781,62.2772216796875,472700
2014-06-25,70.62000274658203,71.38999938964844,70.55000305175781,71.22000122070312,62.868675231933594,377200
2014-06-26,71.29000091552734,71.47000122070312,70.58999633789062,71.06999969482422,62.73623275756836,310500
2014-06-27,70.79000091552734,71.8499984741211,70.51000213623047,71.8499984741211,63.424774169921875,775800
2014-06-30,71.93000030517578,71.93000030517578,70.94000244140625,71.5,63.11585235595703,520500
2014-07-01,71.81999969482422,72.58000183105469,71.75,72.12000274658203,63.66313171386719,453500
2014-07-02,71.91999816894531,72.23999786376953,71.62999725341797,71.93000030517578,63.495418548583984,462400
2014-07-03,72.05999755859375,72.55000305175781,72.0199966430664,72.45999908447266,63.96323776245117,331400
2014-07-07,71.9800033569336,72.41000366210938,71.91000366210938,72.22000122070312,63.751407623291016,376500
2014-07-08,72.1500015258789,72.44999694824219,71.91000366210938,72.26000213623047,63.786720275878906,339200
2014-07-09,72.5999984741211,72.79000091552734,71.81999969482422,72.08000183105469,63.627838134765625,346400
2014-07-10,71.0999984741211,71.93000030517578,70.87999725341797,71.5999984741211,63.20409393310547,340300
2014-07-11,71.58000183105469,72.05000305175781,71.38999938964844,72.0,63.55720138549805,311900
2014-07-14,72.41999816894531,72.79000091552734,72.1500015258789,72.62000274658203,64.1044921875,478000
2014-07-15,76.02999877929688,76.27999877929688,68.31999969482422,70.02999877929688,61.818199157714844,14564100
2014-07-16,70.3499984741211,71.06999969482422,68.7300033569336,69.06999969482422,60.97076416015625,2726300
2014-07-17,68.61000061035156,70.19999694824219,68.11000061035156,69.43000030517578,61.28857421875,2059000
2014-07-18,69.63999938964844,70.51000213623047,69.5,70.19999694824219,61.96828842163086,1422300
2014-07-21,69.73999786376953,70.36000061035156,69.12000274658203,69.12999725341797,61.02372360229492,802100
2014-07-22,69.2699966430664,69.72000122070312,68.48999786376953,68.48999786376953,60.45879364013672,980900
2014-07-23,68.62999725341797,69.08999633789062,67.95999908447266,68.38999938964844,60.370521545410156,1500100
2014-07-24,68.5999984741211,68.5999984741211,67.19000244140625,67.54000091552734,59.620201110839844,1654700
2014-07-25,67.58000183105469,69.16999816894531,67.58000183105469,69.06999969482422,60.97076416015625,1928200
2014-07-28,68.94000244140625,69.12999725341797,68.13999938964844,68.87999725341797,60.80303192138672,1056500
2014-07-29,70.0,70.0199966430664,67.22000122070312,67.25,59.36418914794922,1585100
2014-07-30,67.58000183105469,68.08999633789062,66.58000183105469,66.70999908447266,58.887508392333984,1572400
2014-07-31,66.70999908447266,66.70999908447266,59.86000061035156,61.34000015258789,54.14719772338867,5793300
2014-08-01,60.970001220703125,62.470001220703125,60.75,61.75,54.509117126464844,3081300
2014-08-04,61.790000915527344,62.099998474121094,61.04999923706055,61.970001220703125,54.70332336425781,1451700
2014-08-05,61.5,62.59000015258789,61.22999954223633,61.459999084472656,54.253135681152344,2230100
2014-08-06,61.349998474121094,61.75,60.900001525878906,61.279998779296875,54.094242095947266,1040800
2014-08-07,61.77000045776367,61.91999816894531,60.36000061035156,60.599998474121094,53.493980407714844,1356200
2014-08-08,60.65999984741211,61.02000045776367,60.130001068115234,60.91999816894531,53.77645492553711,1765200
2014-08-11,61.70000076293945,61.779998779296875,60.83000183105469,60.88999938964844,53.74997329711914,992100
2014-08-12,60.63999938964844,60.959999084472656,60.27000045776367,60.52000045776367,53.423362731933594,1243200
2014-08-13,60.77000045776367,61.689998626708984,60.5,61.38999938964844,54.19132995605469,1019600
2014-08-14,61.290000915527344,61.41999816894531,60.400001525878906,60.66999816894531,53.55576705932617,1122200
2014-08-15,60.65999984741211,61.209999084472656,60.310001373291016,61.15999984741211,53.98831558227539,1478900
2014-08-18,61.38999938964844,62.16999816894531,61.38999938964844,61.65999984741211,54.42967987060547,741100
2014-08-19,61.72999954223633,61.970001220703125,61.470001220703125,61.970001220703125,54.70332336425781,772900
2014-08-20,61.689998626708984,62.029998779296875,61.380001068115234,61.93000030517578,54.66801834106445,1183100
2014-08-21,62.0,62.47999954223633,61.70000076293945,61.91999816894531,54.6591911315918,683000
2014-08-22,61.7599983215332,62.15999984741211,61.36000061035156,61.810001373291016,54.56208801269531,591100
2014-08-25,62.15999984741211,62.33000183105469,61.77000045776367,62.29999923706055,54.994632720947266,481000
2014-08-26,62.52000045776367,62.540000915527344,62.09000015258789,62.34000015258789,55.029945373535156,817900
2014-08-27,62.11000061035156,62.599998474121094,62.11000061035156,62.400001525878906,55.082908630371094,859900
2014-08-28,62.09000015258789,63.68000030517578,61.61000061035156,63.209999084472656,55.79792022705078,1413500
2014-08-29,63.400001525878906,63.86000061035156,63.20000076293945,63.58000183105469,56.12453842163086,666200
2014-09-02,63.650001525878906,64.12000274658203,63.58000183105469,63.91999816894531,56.42466354370117,871200
2014-09-03,64.13999938964844,64.5,63.5,63.560001373291016,56.10688018798828,493600
2014-09-04,63.529998779296875,64.0,63.349998474121094,63.540000915527344,56.089229583740234,636000
2014-09-05,63.38999938964844,63.7599983215332,63.08000183105469,63.720001220703125,56.24811935424805,427000
2014-09-08,63.709999084472656,64.44000244140625,63.66999816894531,63.849998474121094,56.36288070678711,832400
2014-09-09,63.720001220703125,63.869998931884766,63.18000030517578,63.41999816894531,55.98329544067383,615700
2014-09-10,63.29999923706055,64.97000122070312,63.2400016784668,64.69999694824219,57.11320877075195,1633900
2014-09-11,64.0199966430664,64.9000015258789,63.939998626708984,64.3499984741211,57.04671859741211,1368100
2014-09-12,64.37000274658203,64.45999908447266,63.20000076293945,63.790000915527344,56.55027770996094,992600
2014-09-15,64.05999755859375,64.47000122070312,63.439998626708984,64.29000091552734,56.99352264404297,669100
2014-09-16,64.25,65.23999786376953,64.0199966430664,64.9800033569336,57.605224609375,1178700
2014-09-17,65.0,65.44999694824219,64.63999938964844,64.94000244140625,57.56977081298828,1016700
2014-09-18,65.19000244140625,65.25,64.83000183105469,65.04000091552734,57.65840530395508,705000
2014-09-19,65.05000305175781,65.12999725341797,63.880001068115234,64.05000305175781,56.78076934814453,1136300
2014-09-22,64.01000213623047,64.43000030517578,63.22999954223633,63.2599983215332,56.08042907714844,1349000
2014-09-23,63.189998626708984,63.54999923706055,62.84000015258789,63.060001373291016,55.90312194824219,834100
2014-09-24,63.209999084472656,63.52000045776367,62.65999984741211,63.16999816894531,56.00064468383789,824800
2014-09-25,62.79999923706055,62.79999923706055,60.560001373291016,60.630001068115234,53.7489128112793,1480500
2014-09-26,60.619998931884766,61.060001373291016,60.310001373291016,60.880001068115234,53.970550537109375,919400
2014-09-29,60.11000061035156,60.529998779296875,59.849998474121094,60.029998779296875,53.217010498046875,1047400
2014-09-30,59.97999954223633,60.20000076293945,58.369998931884766,58.900001525878906,52.21526336669922,1877700
2014-10-01,58.72999954223633,58.77000045776367,57.279998779296875,57.790000915527344,51.231231689453125,2150800
2014-10-02,57.779998779296875,58.95000076293945,57.220001220703125,58.880001068115234,52.19753646850586,1686600
2014-10-03,58.91999816894531,59.27000045776367,58.2400016784668,58.97999954223633,52.28617858886719,1592900
2014-10-06,60.13999938964844,60.900001525878906,59.2400016784668,59.5099983215332,52.75603103637695,1072100
2014-10-07,59.20000076293945,59.7400016784668,58.40999984741211,58.459999084472656,51.8251953125,1204200
2014-10-08,58.2599983215332,58.7400016784668,57.25,58.689998626708984,52.029090881347656,1095700
2014-10-09,58.5,58.68000030517578,56.25,56.29999923706055,49.91033935546875,1300200
2014-10-10,56.33000183105469,56.43000030517578,54.650001525878906,55.029998779296875,48.78447341918945,1671800
2014-10-13,55.040000915527344,55.7400016784668,53.08000183105469,53.15999984741211,47.12670135498047,1113300
2014-10-14,53.72999954223633,54.36000061035156,52.84000015258789,53.5099983215332,47.436988830566406,1590600
2014-10-15,52.54999923706055,54.060001373291016,51.349998474121094,53.720001220703125,47.62315368652344,2058200
2014-10-16,52.650001525878906,54.25,52.439998626708984,53.88999938964844,47.773860931396484,1971100
2014-10-17,54.540000915527344,55.650001525878906,54.25,54.59000015258789,48.39442443847656,1935200
2014-10-20,54.52000045776367,55.38999938964844,53.849998474121094,55.36000061035156,49.0770263671875,1406500
2014-10-21,55.81999969482422,56.7599983215332,55.630001068115234,56.529998779296875,50.11422348022461,1795400
2014-10-22,56.970001220703125,57.130001068115234,55.15999984741211,55.2400016784668,48.97064208984375,1849800
2014-10-23,57.2400016784668,58.349998474121094,55.970001220703125,56.79999923706055,50.35358810424805,2413700
2014-10-24,56.7400016784668,57.279998779296875,56.09000015258789,57.20000076293945,50.708194732666016,847100
2014-10-27,56.630001068115234,56.970001220703125,55.529998779296875,56.529998779296875,50.11422348022461,1046000
2014-10-28,57.060001373291016,58.09000015258789,56.4900016784668,57.9900016784668,51.408546447753906,1824900
2014-10-29,58.060001373291016,58.09000015258789,56.79999923706055,57.189998626708984,50.6993293762207,1701100
2014-10-30,57.0,57.66999816894531,56.68000030517578,57.349998474121094,50.84116744995117,1264300
2014-10-31,58.20000076293945,58.52000045776367,57.709999084472656,58.380001068115234,51.7542724609375,1302000
2014-11-03,58.459999084472656,59.02000045776367,58.2599983215332,58.72999954223633,52.064552307128906,1306200
2014-11-04,59.029998779296875,59.220001220703125,58.54999923706055,58.79999923706055,52.126617431640625,1421500
2014-11-05,59.33000183105469,60.77000045776367,59.0099983215332,60.75,53.85530090332031,1551700
2014-11-06,60.630001068115234,60.97999954223633,59.900001525878906,60.86000061035156,53.95280456542969,1168000
2014-11-07,60.86000061035156,61.38999938964844,60.560001373291016,61.18000030517578,54.23649597167969,1043600
2014-11-10,61.11000061035156,61.59000015258789,60.900001525878906,61.45000076293945,54.47584533691406,1113500
2014-11-11,61.34000015258789,62.25,61.09000015258789,62.040000915527344,54.9988899230957,1344500
2014-11-12,61.91999816894531,62.20000076293945,61.439998626708984,61.560001373291016,54.57337188720703,1412700
2014-11-13,61.68000030517578,62.41999816894531,61.29999923706055,61.880001068115234,54.85704803466797,1624300
2014-11-14,61.630001068115234,62.11000061035156,61.119998931884766,61.7400016784668,54.732933044433594,3264700
2014-11-17,61.61000061035156,61.93000030517578,61.43000030517578,61.599998474121094,54.60881805419922,1322900
2014-11-18,61.560001373291016,61.97999954223633,61.470001220703125,61.689998626708984,54.6886100769043,1207900
2014-11-19,61.7400016784668,61.779998779296875,61.15999984741211,61.54999923706055,54.56450271606445,1336400
2014-11-20,61.04999923706055,61.83000183105469,60.79999923706055,61.54999923706055,54.56450271606445,1183700
2014-11-21,62.470001220703125,62.540000915527344,61.52000045776367,61.779998779296875,54.76839065551758,1298600
2014-11-24,62.119998931884766,62.16999816894531,61.59000015258789,61.849998474121094,54.83045959472656,770300
2014-11-25,62.02000045776367,62.06999969482422,61.20000076293945,61.31999969482422,54.360618591308594,1221600
2014-11-26,61.40999984741211,61.709999084472656,60.88999938964844,61.66999816894531,54.67087173461914,678000
2014-11-28,61.34000015258789,61.34000015258789,58.689998626708984,59.040000915527344,52.3393669128418,757200
2014-12-01,59.0,59.380001068115234,58.08000183105469,58.34000015258789,51.718814849853516,1527500
2014-12-02,58.470001220703125,58.959999084472656,57.86000061035156,58.880001068115234,52.19753646850586,1026600
2014-12-03,59.15999984741211,61.599998474121094,58.84000015258789,61.400001525878906,54.43151092529297,1702600
2014-12-04,61.16999816894531,61.79999923706055,60.540000915527344,61.79999923706055,54.78611373901367,1273500
2014-12-05,61.650001525878906,63.380001068115234,61.650001525878906,62.380001068115234,55.30030059814453,1572100
2014-12-08,62.13999938964844,62.540000915527344,61.66999816894531,61.83000183105469,54.81272888183594,1164700
2014-12-09,61.150001525878906,62.400001525878906,61.06999969482422,62.34000015258789,55.26483917236328,942600
2014-12-10,62.04999923706055,62.04999923706055,58.5099983215332,59.0,52.30390548706055,1922700
2014-12-11,58.95000076293945,59.9900016784668,57.68000030517578,57.869998931884766,51.54240036010742,1480800
2014-12-12,57.22999954223633,57.5,55.470001220703125,55.599998474121094,49.520606994628906,1332300
2014-12-15,56.150001525878906,56.439998626708984,54.470001220703125,54.7599983215332,48.7724494934082,1429500
2014-12-16,54.45000076293945,56.25,54.290000915527344,54.970001220703125,48.9594841003418,1156200
2014-12-17,55.040000915527344,57.2400016784668,54.95000076293945,57.20000076293945,50.94565963745117,1601700
2014-12-18,58.0099983215332,58.84000015258789,57.5,58.84000015258789,52.406341552734375,1300200
2014-12-19,58.959999084472656,59.470001220703125,58.22999954223633,58.689998626708984,52.272735595703125,1902100
2014-12-22,58.81999969482422,60.0,58.540000915527344,60.0,53.43949890136719,1929500
2014-12-23,60.439998626708984,61.38999938964844,60.13999938964844,60.81999969482422,54.16983413696289,999600
2014-12-24,60.77000045776367,61.02000045776367,60.47999954223633,60.47999954223633,53.867027282714844,429800
2014-12-26,60.88999938964844,61.209999084472656,60.63999938964844,60.88999938964844,54.232181549072266,768500
2014-12-29,60.75,61.5,60.65999984741211,60.939998626708984,54.27671813964844,569000
2014-12-30,60.86000061035156,61.29999923706055,60.7599983215332,60.79999923706055,54.15202713012695,571700
2014-12-31,60.91999816894531,60.970001220703125,60.09000015258789,60.130001068115234,53.5552864074707,517100
2015-01-02,60.369998931884766,60.63999938964844,59.689998626708984,60.310001373291016,53.715599060058594,740900
2015-01-05,59.900001525878906,60.08000183105469,58.27000045776367,58.310001373291016,51.934288024902344,1544700
2015-01-06,58.439998626708984,58.5,57.130001068115234,57.16999816894531,50.918941497802734,1625500
2015-01-07,57.97999954223633,57.97999954223633,56.75,56.939998626708984,50.71408462524414,953900
2015-01-08,57.529998779296875,58.90999984741211,57.36000061035156,58.72999954223633,52.3083610534668,1533700
2015-01-09,58.7599983215332,59.709999084472656,57.439998626708984,59.02000045776367,52.56665802001953,5402600
2015-01-12,58.97999954223633,60.52000045776367,58.459999084472656,59.70000076293945,53.17229461669922,8195200
2015-01-13,60.20000076293945,62.22999954223633,59.95000076293945,60.9900016784668,54.321250915527344,2911700
2015-01-14,59.88999938964844,60.22999954223633,58.58000183105469,59.52000045776367,53.01198196411133,1580300
2015-01-15,59.7599983215332,59.970001220703125,57.86000061035156,58.08000183105469,51.729427337646484,1632700
2015-01-16,57.970001220703125,58.58000183105469,57.310001373291016,58.52000045776367,52.12131881713867,1460000
2015-01-20,59.0,59.0,57.56999969482422,57.79999923706055,51.48005294799805,1505000
2015-01-21,57.65999984741211,58.630001068115234,57.36000061035156,58.61000061035156,52.20148468017578,1685100
2015-01-22,58.93000030517578,59.7400016784668,58.43000030517578,59.54999923706055,53.0387077331543,1380000
2015-01-23,59.150001525878906,59.439998626708984,56.25,56.84000015258789,50.6250114440918,3089100
2015-01-26,57.22999954223633,57.5099983215332,56.66999816894531,57.13999938964844,50.89221954345703,2054300
2015-01-27,56.189998626708984,56.86000061035156,56.08000183105469,56.369998931884766,50.2064094543457,1614500
2015-01-28,56.91999816894531,57.7599983215332,54.70000076293945,55.369998931884766,49.31575012207031,3878300
2015-01-29,53.810001373291016,56.16999816894531,46.939998626708984,47.77000045776367,42.54674530029297,10098600
2015-01-30,47.029998779296875,48.83000183105469,46.779998779296875,48.2599983215332,42.98316955566406,6710200
2015-02-02,48.439998626708984,48.7599983215332,47.310001373291016,47.91999816894531,42.68033981323242,3066300
2015-02-03,48.70000076293945,49.540000915527344,47.83000183105469,49.380001068115234,43.98070526123047,3064900
2015-02-04,48.88999938964844,49.45000076293945,48.439998626708984,48.849998474121094,43.50865936279297,1878900
2015-02-05,49.029998779296875,49.95000076293945,48.880001068115234,49.75,44.310245513916016,2318000
2015-02-06,49.77000045776367,51.13999938964844,49.7599983215332,51.08000183105469,45.49482727050781,2703800
2015-02-09,50.90999984741211,52.150001525878906,50.83000183105469,52.13999938964844,46.43893051147461,2196100
2015-02-10,52.400001525878906,52.400001525878906,51.599998474121094,52.16999816894531,46.46563720703125,1429700
2015-02-11,51.7599983215332,53.75,51.47999954223633,53.18000030517578,47.36521530151367,1821500
2015-02-12,52.939998626708984,54.119998931884766,52.75,53.959999084472656,48.05991744995117,1660100
2015-02-13,54.11000061035156,54.70000076293945,53.33000183105469,54.59000015258789,48.62103271484375,2322400
2015-02-17,54.40999984741211,55.220001220703125,53.880001068115234,54.790000915527344,48.79916763305664,1030600
2015-02-18,54.38999938964844,54.880001068115234,54.220001220703125,54.86000061035156,48.861515045166016,1070400
2015-02-19,54.34000015258789,54.7599983215332,53.939998626708984,54.43000030517578,48.4785270690918,1293000
2015-02-20,54.529998779296875,55.470001220703125,53.779998779296875,55.470001220703125,49.404815673828125,1080100
2015-02-23,55.029998779296875,55.70000076293945,54.9900016784668,55.560001373291016,49.4849853515625,904300
2015-02-24,55.43000030517578,56.13999938964844,55.33000183105469,56.08000183105469,49.948123931884766,975200
2015-02-25,55.79999923706055,56.5099983215332,55.79999923706055,56.33000183105469,50.1707878112793,770900
2015-02-26,56.34000015258789,56.720001220703125,55.88999938964844,56.29999923706055,50.144065856933594,738200
2015-02-27,56.27000045776367,56.9900016784668,56.099998474121094,56.56999969482422,50.38453674316406,751100
2015-03-02,56.56999969482422,57.08000183105469,55.83000183105469,56.68000030517578,50.482513427734375,1315800
2015-03-03,56.38999938964844,56.849998474121094,56.29999923706055,56.7400016784668,50.53596115112305,886700
2015-03-04,56.650001525878906,56.650001525878906,55.2599983215332,55.400001525878906,49.34247589111328,1602200
2015-03-05,55.439998626708984,55.540000915527344,54.70000076293945,55.279998779296875,49.23560333251953,943700
2015-03-06,54.599998474121094,55.18000030517578,54.52000045776367,54.83000183105469,48.83478927612305,1369700
2015-03-09,55.0099983215332,55.06999969482422,54.75,54.900001525878906,48.89714050292969,1003300
2015-03-10,54.209999084472656,54.560001373291016,54.04999923706055,54.34000015258789,48.39836502075195,969400
2015-03-11,54.310001373291016,54.400001525878906,53.349998474121094,53.540000915527344,47.68584442138672,1686600
2015-03-12,53.5,54.380001068115234,53.25,53.650001525878906,48.044036865234375,952800
2015-03-13,53.41999816894531,53.65999984741211,52.7400016784668,52.939998626708984,47.408233642578125,794100
2015-03-16,53.04999923706055,53.20000076293945,52.56999969482422,52.790000915527344,47.2739143371582,1185700
2015-03-17,52.52000045776367,52.7400016784668,51.779998779296875,52.4900016784668,47.00527572631836,1474600
2015-03-18,52.380001068115234,53.11000061035156,51.5,52.75,47.23809814453125,2347500
2015-03-19,52.5,52.70000076293945,51.47999954223633,51.66999816894531,46.27093505859375,1211200
2015-03-20,51.75,52.529998779296875,51.7400016784668,52.25,46.79033660888672,1732800
2015-03-23,52.25,52.709999084472656,51.88999938964844,51.90999984741211,46.48586654663086,928600
2015-03-24,51.91999816894531,52.349998474121094,51.58000183105469,52.0,46.56646728515625,949400
2015-03-25,52.0,52.29999923706055,51.13999938964844,51.18000030517578,45.8321418762207,554200
2015-03-26,51.04999923706055,51.31999969482422,50.84000015258789,51.0,45.67095947265625,788000
2015-03-27,52.9900016784668,53.029998779296875,51.369998931884766,51.54999923706055,46.163482666015625,1493300
2015-03-30,51.959999084472656,52.54999923706055,51.63999938964844,52.43000030517578,46.95153045654297,930400
2015-03-31,52.279998779296875,52.91999816894531,51.880001068115234,52.84000015258789,47.31868362426758,1126100
2015-04-01,52.54999923706055,52.709999084472656,52.22999954223633,52.56999969482422,47.07689666748047,1047000
2015-04-02,52.52000045776367,53.459999084472656,52.27000045776367,52.88999938964844,47.36346435546875,931100
2015-04-06,52.79999923706055,55.220001220703125,52.79999923706055,55.0,49.25297927856445,1530900
2015-04-07,55.0,55.47999954223633,54.619998931884766,55.25,49.47685241699219,1199400
2015-04-08,55.43000030517578,56.06999969482422,55.27000045776367,55.880001068115234,50.04103469848633,1365400
2015-04-09,56.099998474121094,59.029998779296875,56.08000183105469,59.0099983215332,52.84397506713867,2317900
2015-04-10,59.4900016784668,59.880001068115234,58.56999969482422,58.75,52.61114501953125,1231600
2015-04-13,58.61000061035156,58.939998626708984,58.290000915527344,58.380001068115234,52.279815673828125,766600
2015-04-14,58.529998779296875,58.970001220703125,58.06999969482422,58.970001220703125,52.80815505981445,830300
2015-04-15,59.099998474121094,59.68000030517578,58.459999084472656,59.310001373291016,53.11262512207031,1122100
2015-04-16,59.2400016784668,59.2599983215332,58.540000915527344,58.7400016784668,52.60219192504883,1291700
2015-04-17,58.41999816894531,59.06999969482422,58.13999938964844,59.04999923706055,52.879798889160156,890400
2015-04-20,59.2599983215332,59.470001220703125,58.790000915527344,59.189998626708984,53.005165100097656,594300
2015-04-21,59.310001373291016,59.40999984741211,58.16999816894531,58.75,52.61114501953125,974800
2015-04-22,58.779998779296875,59.290000915527344,58.5099983215332,58.939998626708984,52.78129196166992,815300
2015-04-23,58.650001525878906,59.06999969482422,58.54999923706055,58.95000076293945,52.79024887084961,755500
2015-04-24,59.06999969482422,59.65999984741211,58.720001220703125,59.0,52.83501434326172,709600
2015-04-27,59.08000183105469,59.38999938964844,58.400001525878906,58.52000045776367,52.405181884765625,805500
2015-04-28,58.45000076293945,59.5,57.95000076293945,59.45000076293945,53.23799133300781,756600
2015-04-29,58.77000045776367,60.29999923706055,58.7400016784668,60.25,53.95441818237305,852700
2015-04-30,60.25,60.779998779296875,59.470001220703125,59.70000076293945,53.46187210083008,1485500
2015-05-01,60.13999938964844,60.77000045776367,59.810001373291016,60.439998626708984,54.12454605102539,735100
2015-05-04,60.689998626708984,60.88999938964844,59.9900016784668,60.119998931884766,53.837982177734375,885900
2015-05-05,60.130001068115234,60.70000076293945,59.59000015258789,60.0,53.730533599853516,1174000
2015-05-06,60.529998779296875,60.72999954223633,59.7599983215332,60.0,53.730533599853516,1487400
2015-05-07,62.279998779296875,64.54000091552734,61.439998626708984,62.83000183105469,56.26483154296875,3725400
2015-05-08,63.720001220703125,64.98999786376953,63.119998931884766,63.15999984741211,56.56032943725586,1781800
2015-05-11,63.15999984741211,63.599998474121094,62.709999084472656,63.25,56.64094161987305,1268200
2015-05-12,63.06999969482422,63.209999084472656,62.0099983215332,62.68000030517578,56.1304931640625,1059900
2015-05-13,62.72999954223633,62.959999084472656,62.439998626708984,62.540000915527344,56.00511932373047,860700
2015-05-14,62.810001373291016,63.86000061035156,62.61000061035156,63.630001068115234,56.98122787475586,1085300
2015-05-15,63.33000183105469,64.80000305175781,62.91999816894531,64.37999725341797,57.65284729003906,1142500
2015-05-18,64.23999786376953,64.23999786376953,63.11000061035156,63.2599983215332,56.64988708496094,1318800
2015-05-19,63.22999954223633,63.349998474121094,62.16999816894531,62.70000076293945,56.14840316772461,1140500
2015-05-20,62.790000915527344,62.880001068115234,62.34000015258789,62.540000915527344,56.00511932373047,909500
2015-05-21,62.22999954223633,62.810001373291016,62.04999923706055,62.709999084472656,56.15735626220703,669900
2015-05-22,62.279998779296875,62.5,61.65999984741211,61.869998931884766,55.40513229370117,1022300
2015-05-26,61.45000076293945,61.650001525878906,60.790000915527344,61.15999984741211,54.76932907104492,825400
2015-05-27,61.15999984741211,61.56999969482422,60.959999084472656,61.31999969482422,54.91260528564453,642900
2015-05-28,61.310001373291016,61.560001373291016,60.27000045776367,60.59000015258789,54.258880615234375,867500
2015-05-29,60.599998474121094,60.65999984741211,59.900001525878906,60.150001525878906,53.864864349365234,1374100
2015-06-01,60.380001068115234,60.720001220703125,59.790000915527344,59.849998474121094,53.59620666503906,1272000
2015-06-02,59.84000015258789,60.86000061035156,59.77000045776367,60.65999984741211,54.321571350097656,840600
2015-06-03,60.90999984741211,61.95000076293945,60.869998931884766,61.45000076293945,55.02901840209961,617800
2015-06-04,61.04999923706055,61.70000076293945,60.869998931884766,61.27000045776367,54.86782455444336,1100600
2015-06-05,61.040000915527344,61.36000061035156,60.54999923706055,61.130001068115234,54.74245834350586,688800
2015-06-08,61.16999816894531,61.5099983215332,60.630001068115234,60.689998626708984,54.348426818847656,647300
2015-06-09,60.72999954223633,61.119998931884766,60.470001220703125,60.599998474121094,54.2678337097168,499100
2015-06-10,61.06999969482422,61.40999984741211,60.70000076293945,61.16999816894531,54.77827072143555,758700
2015-06-11,61.29999923706055,61.68000030517578,61.189998626708984,61.459999084472656,55.0379753112793,600400
2015-06-12,61.060001373291016,61.060001373291016,59.58000183105469,59.779998779296875,53.78730773925781,857600
2015-06-15,59.529998779296875,59.529998779296875,57.529998779296875,57.91999816894531,52.113765716552734,1206000
2015-06-16,57.91999816894531,58.40999984741211,57.63999938964844,57.97999954223633,52.167755126953125,997100
2015-06-17,58.41999816894531,58.90999984741211,57.84000015258789,58.45000076293945,52.590641021728516,805000
2015-06-18,58.540000915527344,59.70000076293945,58.22999954223633,59.63999938964844,53.661346435546875,1274000
2015-06-19,59.599998474121094,59.630001068115234,58.54999923706055,58.599998474121094,52.72561264038086,918400
2015-06-22,58.84000015258789,59.09000015258789,58.40999984741211,59.0099983215332,53.09450912475586,649200
2015-06-23,59.119998931884766,59.209999084472656,58.400001525878906,58.959999084472656,53.04951477050781,489000
2015-06-24,59.150001525878906,59.290000915527344,57.619998931884766,57.63999938964844,51.861846923828125,881200
2015-06-25,57.849998474121094,58.470001220703125,57.66999816894531,58.27000045776367,52.428688049316406,805900
2015-06-26,58.54999923706055,59.20000076293945,58.290000915527344,59.099998474121094,53.17548370361328,1577700
2015-06-29,58.66999816894531,59.0,56.11000061035156,56.2400016784668,50.602195739746094,1295800
2015-06-30,56.720001220703125,56.84000015258789,54.90999984741211,55.27000045776367,49.72942352294922,1213900
2015-07-01,55.459999084472656,55.83000183105469,53.81999969482422,54.459999084472656,49.00062942504883,1871900
2015-07-02,54.540000915527344,55.130001068115234,54.29999923706055,55.029998779296875,49.513492584228516,1462100
2015-07-06,54.2599983215332,54.90999984741211,54.0,54.25,48.81167221069336,1247700
2015-07-07,54.220001220703125,54.439998626708984,52.970001220703125,54.25,48.81167221069336,1092100
2015-07-08,53.869998931884766,54.22999954223633,52.959999084472656,53.06999969482422,47.74995422363281,986600
2015-07-09,53.88999938964844,54.15999984741211,53.41999816894531,53.439998626708984,48.0828742980957,918500
2015-07-10,54.18000030517578,54.40999984741211,53.81999969482422,54.0,48.58674621582031,528500
2015-07-13,54.33000183105469,55.650001525878906,54.189998626708984,55.380001068115234,49.828392028808594,878900
2015-07-14,55.2599983215332,55.40999984741211,54.81999969482422,55.33000183105469,49.783416748046875,692200
2015-07-15,55.220001220703125,55.290000915527344,54.040000915527344,54.27000045776367,48.82966995239258,571700
2015-07-16,54.31999969482422,54.68000030517578,53.619998931884766,54.41999816894531,48.96461868286133,977500
2015-07-17,54.22999954223633,54.22999954223633,52.970001220703125,53.0099983215332,47.69596862792969,668000
2015-07-20,52.88999938964844,53.119998931884766,52.41999816894531,52.75,47.46205139160156,809900
2015-07-21,52.779998779296875,53.369998931884766,51.970001220703125,52.09000015258789,46.868202209472656,557400
2015-07-22,51.9900016784668,52.209999084472656,51.4900016784668,51.709999084472656,46.526302337646484,592900
2015-07-23,51.84000015258789,52.08000183105469,51.290000915527344,51.31999969482422,46.175411224365234,694000
2015-07-24,51.209999084472656,51.310001373291016,49.400001525878906,49.810001373291016,44.8167610168457,800700
2015-07-27,49.40999984741211,50.11000061035156,49.029998779296875,49.810001373291016,44.8167610168457,842700
2015-07-28,49.900001525878906,50.970001220703125,49.59000015258789,50.779998779296875,45.68952941894531,893700
2015-07-29,50.91999816894531,52.0099983215332,50.54999923706055,51.90999984741211,46.70625686645508,1146400
2015-07-30,51.939998626708984,53.540000915527344,51.5,53.400001525878906,48.046878814697266,1830700
2015-07-31,53.83000183105469,54.810001373291016,53.34000015258789,54.20000076293945,48.766685485839844,2140100
2015-08-03,54.099998474121094,54.310001373291016,53.0,53.290000915527344,47.947906494140625,889900
2015-08-04,53.40999984741211,54.209999084472656,53.29999923706055,53.630001068115234,48.25381851196289,985200
2015-08-05,54.2400016784668,54.25,52.529998779296875,53.2599983215332,47.9209098815918,1484800
2015-08-06,53.68000030517578,53.68000030517578,49.54999923706055,51.77000045776367,46.580291748046875,3863700
2015-08-07,51.93000030517578,53.029998779296875,51.04999923706055,51.2400016784668,46.1034049987793,955900
2015-08-10,51.2400016784668,52.72999954223633,51.15999984741211,52.689998626708984,47.40804672241211,849100
2015-08-11,51.97999954223633,52.119998931884766,51.40999984741211,52.0,46.787227630615234,785400
2015-08-12,51.45000076293945,51.83000183105469,50.290000915527344,51.119998931884766,45.99543380737305,979600
2015-08-13,51.040000915527344,51.33000183105469,50.119998931884766,50.41999816894531,45.36561584472656,966800
2015-08-14,50.45000076293945,51.279998779296875,50.290000915527344,51.11000061035156,45.986446380615234,600700
2015-08-17,50.81999969482422,51.95000076293945,50.45000076293945,51.77000045776367,46.580291748046875,1194100
2015-08-18,51.619998931884766,51.72999954223633,50.9900016784668,51.11000061035156,45.986446380615234,807200
2015-08-19,50.83000183105469,51.25,49.40999984741211,49.880001068115234,44.879756927490234,946600
2015-08-20,49.40999984741211,49.939998626708984,49.0099983215332,49.31999969482422,44.37588119506836,831300
2015-08-21,48.83000183105469,48.849998474121094,46.66999816894531,46.810001373291016,42.11750411987305,1381200
2015-08-24,44.27000045776367,45.83000183105469,42.38999938964844,44.34000015258789,39.89510726928711,2099600
2015-08-25,45.61000061035156,45.720001220703125,42.779998779296875,42.79999923706055,38.509490966796875,1288400
2015-08-26,43.56999969482422,43.65999984741211,42.310001373291016,43.06999969482422,38.752418518066406,3192700
2015-08-27,43.7400016784668,46.20000076293945,43.599998474121094,45.130001068115234,40.60593032836914,2054100
2015-08-28,44.939998626708984,46.58000183105469,44.77000045776367,45.29999923706055,40.758872985839844,1459800
2015-08-31,44.95000076293945,45.52000045776367,43.97999954223633,45.209999084472656,40.67789077758789,1435800
2015-09-01,44.13999938964844,44.54999923706055,42.599998474121094,42.849998474121094,38.554466247558594,2076100
2015-09-02,43.5,43.650001525878906,42.400001525878906,42.72999954223633,38.446502685546875,1618600
2015-09-03,43.060001373291016,43.060001373291016,42.279998779296875,42.869998931884766,38.57246398925781,2688500
2015-09-04,42.16999816894531,42.52000045776367,41.88999938964844,42.43000030517578,38.176570892333984,1528800
2015-09-08,43.27000045776367,43.27000045776367,42.77000045776367,43.02000045776367,38.70744705200195,2991800
2015-09-09,43.4900016784668,44.029998779296875,42.90999984741211,43.029998779296875,38.716426849365234,1483200
2015-09-10,42.97999954223633,43.25,42.4900016784668,42.79999923706055,38.509490966796875,1659400
2015-09-11,42.47999954223633,42.83000183105469,41.599998474121094,42.0,37.78968048095703,873900
2015-09-14,41.7400016784668,42.22999954223633,41.369998931884766,41.880001068115234,37.94371795654297,1203300
2015-09-15,42.2400016784668,44.529998779296875,42.2400016784668,44.27000045776367,40.10905838012695,4852000
2015-09-16,44.529998779296875,45.13999938964844,44.150001525878906,44.7400016784668,40.53488540649414,1408200
2015-09-17,44.59000015258789,45.7400016784668,44.560001373291016,45.04999923706055,40.815757751464844,1665400
2015-09-18,44.41999816894531,45.75,44.36000061035156,45.709999084472656,41.41372299194336,2980200
2015-09-21,46.09000015258789,47.189998626708984,45.599998474121094,46.400001525878906,42.038875579833984,2045500
2015-09-22,45.880001068115234,46.0,45.11000061035156,45.709999084472656,41.41372299194336,1777900
2015-09-23,45.54999923706055,46.189998626708984,45.18000030517578,45.310001373291016,41.05131912231445,1409000
2015-09-24,44.56999969482422,45.529998779296875,43.459999084472656,45.220001220703125,40.96977233886719,1622000
2015-09-25,45.47999954223633,46.040000915527344,44.79999923706055,45.130001068115234,40.88825607299805,1426700
2015-09-28,44.81999969482422,44.88999938964844,41.650001525878906,41.779998779296875,37.853111267089844,1738200
2015-09-29,41.52000045776367,42.70000076293945,41.5,42.529998779296875,38.53261184692383,1479700
2015-09-30,43.029998779296875,44.38999938964844,42.970001220703125,44.099998474121094,39.95505142211914,1366800
2015-10-01,44.290000915527344,45.22999954223633,44.099998474121094,45.16999816894531,40.924476623535156,1621200
2015-10-02,44.540000915527344,46.150001525878906,44.31999969482422,46.150001525878906,41.812374114990234,1231400
2015-10-05,46.47999954223633,47.61000061035156,46.380001068115234,47.43000030517578,42.97207260131836,1024800
2015-10-06,47.810001373291016,48.84000015258789,47.540000915527344,47.61000061035156,43.13513946533203,1637200
2015-10-07,47.900001525878906,49.11000061035156,47.66999816894531,48.90999984741211,44.312965393066406,1903300
2015-10-08,48.7400016784668,50.9900016784668,48.630001068115234,50.56999969482422,45.81693649291992,1726100
2015-10-09,51.369998931884766,51.880001068115234,50.54999923706055,50.720001220703125,45.95283889770508,1927900
2015-10-12,51.08000183105469,51.2599983215332,50.310001373291016,50.5099983215332,45.762577056884766,1161600
2015-10-13,50.18000030517578,50.91999816894531,49.869998931884766,50.2599983215332,45.53606414794922,917200
2015-10-14,50.150001525878906,51.720001220703125,50.06999969482422,51.439998626708984,46.60515594482422,905800
2015-10-15,51.72999954223633,51.81999969482422,50.0099983215332,51.470001220703125,46.6323356628418,1460100
2015-10-16,51.70000076293945,52.72999954223633,51.560001373291016,52.45000076293945,47.520240783691406,2035000
2015-10-19,52.08000183105469,52.400001525878906,51.84000015258789,52.2599983215332,47.34809875488281,1555600
2015-10-20,52.189998626708984,52.939998626708984,52.060001373291016,52.099998474121094,47.203121185302734,939800
2015-10-21,52.400001525878906,52.84000015258789,51.02000045776367,51.18000030517578,46.369598388671875,1160100
2015-10-22,51.81999969482422,53.119998931884766,51.36000061035156,52.38999938964844,47.46588134765625,1463700
2015-10-23,52.869998931884766,53.65999984741211,52.4900016784668,52.58000183105469,47.63801193237305,1266200
2015-10-26,52.43000030517578,52.970001220703125,52.04999923706055,52.68000030517578,47.728614807128906,1085400
2015-10-27,52.2400016784668,52.5,51.02000045776367,51.93000030517578,47.049102783203125,1697700
2015-10-28,52.04999923706055,54.06999969482422,51.779998779296875,53.58000183105469,48.54402160644531,1772600
2015-10-29,53.33000183105469,54.59000015258789,53.09000015258789,54.290000915527344,49.187286376953125,1433500
2015-10-30,54.33000183105469,54.369998931884766,52.93000030517578,53.52000045776367,48.489662170410156,1412200
2015-11-02,54.2599983215332,54.869998931884766,54.060001373291016,54.2400016784668,49.141990661621094,2509400
2015-11-03,54.43000030517578,55.47999954223633,54.2599983215332,54.66999816894531,49.53156661987305,1563700
2015-11-04,54.939998626708984,55.29999923706055,53.779998779296875,54.220001220703125,49.12387466430664,2019500
2015-11-05,52.5,52.81999969482422,48.15999984741211,49.43000030517578,44.78408432006836,5880300
2015-11-06,49.47999954223633,50.84000015258789,49.34000015258789,50.68000030517578,45.916595458984375,2224200
2015-11-09,50.380001068115234,50.81999969482422,49.47999954223633,49.91999816894531,45.228031158447266,2509600
2015-11-10,49.939998626708984,50.33000183105469,49.2599983215332,49.58000183105469,44.91998291015625,1199000
2015-11-11,49.849998474121094,49.9900016784668,48.439998626708984,48.900001525878906,44.303897857666016,1645300
2015-11-12,48.13999938964844,48.86000061035156,46.849998474121094,46.91999816894531,42.50999450683594,1314500
2015-11-13,46.75,48.2400016784668,46.4900016784668,47.619998931884766,43.144203186035156,2017100
2015-11-16,47.43000030517578,48.06999969482422,47.02000045776367,47.97999954223633,43.470367431640625,1024500
2015-11-17,48.11000061035156,48.93000030517578,47.66999816894531,48.52000045776367,43.95961380004883,1743000
2015-11-18,48.63999938964844,50.86000061035156,48.47999954223633,50.810001373291016,46.03437805175781,1593600
2015-11-19,50.5,51.13999938964844,50.310001373291016,50.689998626708984,45.92565155029297,1066300
2015-11-20,50.939998626708984,51.970001220703125,50.75,51.66999816894531,46.813533782958984,1304600
2015-11-23,51.56999969482422,52.150001525878906,51.2400016784668,52.11000061035156,47.212188720703125,1609500
2015-11-24,51.95000076293945,53.09000015258789,51.66999816894531,53.0099983215332,48.027587890625,1567700
2015-11-25,52.88999938964844,53.209999084472656,52.54999923706055,52.900001525878906,47.92793655395508,649700
2015-11-27,52.900001525878906,53.34000015258789,52.7599983215332,53.11000061035156,48.11819839477539,312000
2015-11-30,53.290000915527344,53.689998626708984,53.099998474121094,53.560001373291016,48.52589797973633,814900
2015-12-01,53.68000030517578,53.79999923706055,52.83000183105469,52.95000076293945,47.97323989868164,1255800
2015-12-02,52.75,53.06999969482422,51.79999923706055,52.279998779296875,47.3662109375,934900
2015-12-03,52.27000045776367,52.959999084472656,51.79999923706055,52.83000183105469,47.86451721191406,1451100
2015-12-04,52.5099983215332,53.52000045776367,51.939998626708984,52.9900016784668,48.00947570800781,1189800
2015-12-07,52.529998779296875,52.65999984741211,50.880001068115234,51.099998474121094,46.297115325927734,968500
2015-12-08,50.54999923706055,50.709999084472656,49.66999816894531,49.779998779296875,45.10117721557617,731400
2015-12-09,50.77000045776367,51.41999816894531,49.619998931884766,50.02000045776367,45.31862258911133,1564900
2015-12-10,49.93000030517578,49.959999084472656,49.029998779296875,49.209999084472656,44.584754943847656,833800
2015-12-11,47.970001220703125,48.400001525878906,47.310001373291016,47.95000076293945,43.70071792602539,1399600
2015-12-14,47.83000183105469,47.970001220703125,46.34000015258789,47.7599983215332,43.52755355834961,1586600
2015-12-15,48.099998474121094,49.34000015258789,48.0,48.68000030517578,44.36602783203125,1032400
2015-12-16,49.150001525878906,52.060001373291016,48.75,51.83000183105469,47.236881256103516,2259400
2015-12-17,51.9900016784668,53.099998474121094,51.33000183105469,52.41999816894531,47.77458953857422,1716100
2015-12-18,52.0099983215332,53.310001373291016,50.970001220703125,51.18000030517578,46.64447784423828,2112400
2015-12-21,51.599998474121094,51.869998931884766,50.790000915527344,51.459999084472656,46.89966583251953,841100
2015-12-22,51.599998474121094,54.77000045776367,51.43000030517578,54.310001373291016,49.49711227416992,1159400
2015-12-23,54.560001373291016,56.45000076293945,54.4900016784668,56.290000915527344,51.301631927490234,1068400
2015-12-24,56.25,56.5,55.79999923706055,55.95000076293945,50.99177169799805,380700
2015-12-28,55.720001220703125,56.790000915527344,55.130001068115234,56.75,51.72087097167969,856400
2015-12-29,57.40999984741211,57.9900016784668,56.2400016784668,56.72999954223633,51.7026481628418,759600
2015-12-30,56.41999816894531,57.20000076293945,56.2599983215332,56.34000015258789,51.347198486328125,733700
2015-12-31,56.060001373291016,57.4900016784668,55.83000183105469,56.0099983215332,51.04645538330078,663000
2016-01-04,54.970001220703125,55.689998626708984,54.27000045776367,55.54999923706055,50.6272087097168,1284700
2016-01-05,55.54999923706055,56.099998474121094,53.880001068115234,54.70000076293945,49.8525390625,1232100
2016-01-06,53.470001220703125,54.25,51.84000015258789,52.310001373291016,47.674346923828125,1240000
2016-01-07,51.2599983215332,51.70000076293945,49.47999954223633,49.95000076293945,45.52347946166992,1521000
2016-01-08,50.45000076293945,51.08000183105469,48.970001220703125,49.0099983215332,44.666778564453125,1127400
2016-01-11,49.2400016784668,49.529998779296875,47.380001068115234,48.040000915527344,43.78274917602539,1313200
2016-01-12,48.790000915527344,49.18000030517578,48.04999923706055,48.95000076293945,44.612098693847656,1299100
2016-01-13,49.619998931884766,51.27000045776367,47.310001373291016,47.709999084472656,43.48198699951172,1463300
2016-01-14,48.029998779296875,49.650001525878906,46.84000015258789,48.900001525878906,44.56653594970703,1303200
2016-01-15,47.63999938964844,48.02000045776367,45.779998779296875,47.90999984741211,43.66426086425781,1446900
2016-01-19,48.47999954223633,49.5,47.56999969482422,48.41999816894531,44.12907028198242,1699800
2016-01-20,47.560001373291016,48.790000915527344,46.15999984741211,48.0099983215332,43.755401611328125,1356500
2016-01-21,47.9900016784668,50.7400016784668,47.41999816894531,49.43000030517578,45.049564361572266,1844300
2016-01-22,50.65999984741211,52.27000045776367,50.650001525878906,51.290000915527344,46.7447509765625,1533300
2016-01-25,51.09000015258789,51.25,49.70000076293945,49.97999954223633,45.550819396972656,1634100
2016-01-26,50.369998931884766,52.470001220703125,50.08000183105469,51.880001068115234,47.282440185546875,1524200
2016-01-27,51.54999923706055,52.2599983215332,50.439998626708984,50.93000030517578,46.41664123535156,1429600
2016-01-28,51.650001525878906,52.52000045776367,51.279998779296875,51.7599983215332,47.173072814941406,1176700
2016-01-29,51.790000915527344,52.65999984741211,51.150001525878906,52.63999938964844,47.975093841552734,2887700
2016-02-01,51.869998931884766,52.95000076293945,50.970001220703125,52.81999969482422,48.139137268066406,1463300
2016-02-02,52.16999816894531,53.02000045776367,51.349998474121094,51.86000061035156,47.26422119140625,1279500
2016-02-03,52.65999984741211,53.619998931884766,51.15999984741211,53.52000045776367,48.777103424072266,1447600
2016-02-04,53.63999938964844,54.2599983215332,51.22999954223633,51.95000076293945,47.346248626708984,2213800
2016-02-05,51.380001068115234,52.70000076293945,50.720001220703125,51.540000915527344,46.972572326660156,1380300
2016-02-08,50.90999984741211,50.90999984741211,47.4900016784668,48.790000915527344,44.46627426147461,1940700
2016-02-09,48.220001220703125,50.029998779296875,48.08000183105469,49.88999938964844,45.46879959106445,1709400
2016-02-10,50.599998474121094,51.04999923706055,49.40999984741211,50.09000015258789,45.65108108520508,1101400
2016-02-11,48.779998779296875,50.83000183105469,48.41999816894531,50.09000015258789,45.65108108520508,1186000
2016-02-12,50.68000030517578,52.02000045776367,50.040000915527344,51.380001068115234,46.82675552368164,1183300
2016-02-16,52.189998626708984,52.619998931884766,51.04999923706055,52.31999969482422,47.68345642089844,1652000
2016-02-17,52.939998626708984,54.25,52.5099983215332,52.77000045776367,48.093570709228516,1782800
2016-02-18,51.34000015258789,55.599998474121094,50.95000076293945,54.529998779296875,49.697601318359375,3044500
2016-02-19,54.41999816894531,54.540000915527344,53.27000045776367,54.47999954223633,49.652042388916016,1036900
2016-02-22,54.84000015258789,55.4900016784668,54.650001525878906,54.83000183105469,49.97102737426758,1382600
2016-02-23,54.470001220703125,55.59000015258789,52.5099983215332,52.65999984741211,47.99333190917969,1223900
2016-02-24,51.970001220703125,53.36000061035156,51.029998779296875,53.310001373291016,48.585723876953125,971000
2016-02-25,53.599998474121094,55.459999084472656,53.2599983215332,55.439998626708984,50.5269660949707,833000
2016-02-26,55.939998626708984,56.86000061035156,55.54999923706055,56.560001373291016,51.54771041870117,885000
2016-02-29,56.599998474121094,57.95000076293945,56.11000061035156,56.220001220703125,51.237850189208984,1441700
2016-03-01,57.119998931884766,58.86000061035156,57.0,58.65999984741211,53.461605072021484,1483700
2016-03-02,58.2599983215332,59.41999816894531,57.369998931884766,57.709999084472656,52.59579849243164,1144900
2016-03-03,57.47999954223633,57.88999938964844,56.029998779296875,57.220001220703125,52.14922332763672,1257200
2016-03-04,57.52000045776367,59.880001068115234,57.349998474121094,59.16999816894531,53.926414489746094,1393700
2016-03-07,59.02000045776367,59.970001220703125,57.91999816894531,58.79999923706055,53.589202880859375,1807600
2016-03-08,58.33000183105469,59.130001068115234,58.04999923706055,58.47999954223633,53.29756164550781,1502500
2016-03-09,58.79999923706055,60.34000015258789,58.599998474121094,60.2400016784668,54.90159225463867,1418000
2016-03-10,59.88999938964844,60.540000915527344,58.93000030517578,59.380001068115234,54.117801666259766,1364600
2016-03-11,59.790000915527344,61.900001525878906,59.45000076293945,61.2400016784668,55.8129768371582,1109500
2016-03-14,60.380001068115234,60.959999084472656,59.72999954223633,60.02000045776367,54.97489547729492,1350700
2016-03-15,59.34000015258789,60.040000915527344,58.84000015258789,59.189998626708984,54.21464538574219,1318000
2016-03-16,59.099998474121094,61.689998626708984,59.099998474121094,61.619998931884766,56.440391540527344,1461300
2016-03-17,61.470001220703125,62.869998931884766,60.7599983215332,62.43000030517578,57.18230056762695,1335400
2016-03-18,62.36000061035156,62.75,60.70000076293945,61.380001068115234,56.22056579589844,1907600
2016-03-21,61.380001068115234,61.93000030517578,60.95000076293945,61.63999938964844,56.45872116088867,1155200
2016-03-22,61.36000061035156,62.560001373291016,61.189998626708984,62.15999984741211,56.935001373291016,1225700
2016-03-23,61.95000076293945,62.189998626708984,61.2599983215332,61.38999938964844,56.22972869873047,1054500
2016-03-24,60.66999816894531,62.09000015258789,60.34000015258789,61.91999816894531,56.71517562866211,711000
2016-03-28,61.9900016784668,62.2599983215332,61.52000045776367,62.119998931884766,56.89836120605469,811800
2016-03-29,62.09000015258789,63.0,61.5099983215332,62.959999084472656,57.667762756347656,798000
2016-03-30,63.290000915527344,64.25,62.90999984741211,63.9900016784668,58.61117935180664,1074200
2016-03-31,63.880001068115234,64.33000183105469,63.650001525878906,63.93000030517578,58.55621337890625,1224800
2016-04-01,63.439998626708984,65.5,63.400001525878906,65.19999694824219,59.7194709777832,2455900
2016-04-04,65.37999725341797,65.9000015258789,64.98999786376953,65.33000183105469,59.83854293823242,1470100
2016-04-05,64.62000274658203,65.4800033569336,64.05999755859375,64.5,59.07830810546875,822600
2016-04-06,64.43000030517578,66.08000183105469,63.72999954223633,66.02999877929688,60.47971725463867,1237200
2016-04-07,65.9000015258789,66.93000030517578,64.23999786376953,64.69000244140625,59.25233459472656,1328200
2016-04-08,65.63999938964844,65.72000122070312,64.45999908447266,64.8499984741211,59.39887237548828,1559600
2016-04-11,65.12999725341797,65.94000244140625,65.04000091552734,65.25,59.765262603759766,1117900
2016-04-12,65.58000183105469,65.8499984741211,65.26000213623047,65.30000305175781,59.81106948852539,1070000
2016-04-13,65.80000305175781,66.31999969482422,64.43000030517578,65.0,59.53628158569336,2325100
2016-04-14,65.23999786376953,65.88999938964844,64.88999938964844,65.44999694824219,59.948455810546875,1849600
2016-04-15,65.73999786376953,65.8499984741211,65.04000091552734,65.37000274658203,59.875179290771484,1499200
2016-04-18,64.88999938964844,65.55000305175781,64.75,65.48999786376953,59.98509216308594,939500
2016-04-19,65.8499984741211,65.8499984741211,64.5999984741211,65.33999633789062,59.84770202636719,1958200
2016-04-20,65.2300033569336,65.76000213623047,64.5,65.6500015258789,60.131629943847656,1518300
2016-04-21,65.6500015258789,65.98999786376953,65.52999877929688,65.63999938964844,60.122474670410156,1288100
2016-04-22,65.66000366210938,66.70999908447266,65.66000366210938,66.23999786376953,60.67205047607422,1269600
2016-04-25,66.37000274658203,66.87000274658203,66.1500015258789,66.58999633789062,60.99262619018555,1004900
2016-04-26,66.97000122070312,67.94999694824219,66.77999877929688,67.76000213623047,62.06428146362305,1231400
2016-04-27,67.66999816894531,68.75,67.27999877929688,67.86000061035156,62.1558723449707,817100
2016-04-28,67.47000122070312,67.6500015258789,66.1500015258789,66.41999816894531,60.83692169189453,649500
2016-04-29,66.44999694824219,66.44999694824219,65.56999969482422,66.16000366210938,60.59878158569336,1069200
2016-05-02,66.41999816894531,68.36000061035156,66.18000030517578,67.9000015258789,62.19252395629883,1176900
2016-05-03,67.55999755859375,68.08999633789062,66.83000183105469,67.33000183105469,61.67042541503906,871900
2016-05-04,66.98999786376953,67.56999969482422,66.36000061035156,66.58999633789062,60.99262619018555,788400
2016-05-05,66.77999877929688,68.12999725341797,66.77999877929688,67.0999984741211,61.459754943847656,1051400
2016-05-06,66.97000122070312,69.06999969482422,66.66999816894531,68.62999725341797,62.861148834228516,1424500
2016-05-09,68.37000274658203,70.22000122070312,67.06999969482422,67.27999877929688,61.62462615966797,1778600
2016-05-10,67.37999725341797,68.41000366210938,67.05999755859375,67.86000061035156,62.1558723449707,1516100
2016-05-11,70.76000213623047,75.75,70.66999816894531,74.6500015258789,68.37510681152344,5794600
2016-05-12,75.61000061035156,76.43000030517578,74.76000213623047,75.87000274658203,69.49259948730469,2190900
2016-05-13,75.58999633789062,76.33000183105469,74.3499984741211,76.16000366210938,69.7582015991211,2189200
2016-05-16,76.81999969482422,78.4000015258789,76.75,77.80999755859375,71.26952362060547,1842500
2016-05-17,77.81999969482422,78.26000213623047,75.94999694824219,76.16999816894531,69.76737976074219,1829700
2016-05-18,75.83000183105469,77.25,75.7699966430664,76.16999816894531,69.76737976074219,1598100
2016-05-19,75.69000244140625,76.66999816894531,75.0,75.7699966430664,69.40098571777344,1619700
2016-05-20,76.41999816894531,77.37999725341797,76.12000274658203,76.36000061035156,69.94137573242188,1246300
2016-05-23,75.86000061035156,76.75,75.86000061035156,76.37000274658203,69.9505386352539,1177900
2016-05-24,76.88999938964844,77.4800033569336,76.30999755859375,76.33999633789062,69.92305755615234,1827400
2016-05-25,76.9000015258789,79.04000091552734,76.38999938964844,78.87000274658203,72.24037170410156,1200200
2016-05-26,79.2699966430664,79.7300033569336,78.1500015258789,79.04000091552734,72.39613342285156,1216800
2016-05-27,79.0,80.20999908447266,78.80999755859375,80.08999633789062,73.35785675048828,1091700
2016-05-31,80.0,80.06999969482422,78.01000213623047,78.5,71.90151977539062,1486700
2016-06-01,78.5,80.0,77.52999877929688,79.68000030517578,72.98230743408203,1293200
2016-06-02,79.12999725341797,79.94999694824219,79.12000274658203,79.83999633789062,73.12886810302734,629900
2016-06-03,80.0,80.3499984741211,79.1500015258789,80.0,73.2754135131836,855100
2016-06-06,80.4800033569336,82.16000366210938,80.0999984741211,80.95999908447266,74.15472412109375,1048000
2016-06-07,81.38999938964844,81.81999969482422,80.80000305175781,81.29000091552734,74.45697784423828,853800
2016-06-08,81.61000061035156,82.37000274658203,80.81999969482422,81.20999908447266,74.38371276855469,1524300
2016-06-09,80.63999938964844,81.0199966430664,79.83000183105469,80.26000213623047,73.5135726928711,1124600
2016-06-10,80.0,80.41999816894531,79.25,79.83000183105469,73.11972045898438,1024700
2016-06-13,79.36000061035156,79.7699966430664,78.11000061035156,78.1500015258789,71.85546112060547,1109400
2016-06-14,78.0,78.4800033569336,77.0199966430664,78.4000015258789,72.08533477783203,1162900
2016-06-15,78.58000183105469,80.05000305175781,78.41999816894531,79.70999908447266,73.2898178100586,1434100
2016-06-16,79.30999755859375,80.05000305175781,78.91000366210938,79.98999786376953,73.5472412109375,909000
2016-06-17,83.19000244140625,84.98999786376953,82.20999908447266,82.80000305175781,76.13092803955078,3531100
2016-06-20,83.51000213623047,83.9800033569336,82.66000366210938,83.01000213623047,76.32403564453125,1736500
2016-06-21,82.94999694824219,83.83999633789062,82.0,83.62000274658203,76.8848876953125,1203400
2016-06-22,83.62000274658203,83.87000274658203,82.80999755859375,83.31999969482422,76.60903930664062,1014000
2016-06-23,83.94999694824219,84.70999908447266,83.79000091552734,84.4000015258789,77.60205841064453,799000
2016-06-24,81.2699966430664,82.45999908447266,78.5999984741211,78.9800033569336,72.6186294555664,2465400
2016-06-27,77.44000244140625,78.08999633789062,74.86000061035156,75.33999633789062,69.27177429199219,2709400
2016-06-28,76.80999755859375,78.48999786376953,76.13999938964844,78.29000091552734,71.98418426513672,2707400
2016-06-29,79.45999908447266,79.8499984741211,78.58999633789062,79.12000274658203,72.74732971191406,1928400
2016-06-30,79.12999725341797,80.5,77.91999816894531,79.30999755859375,72.9220199584961,24895500
2016-07-01,79.44999694824219,82.27999877929688,79.44999694824219,81.31999969482422,74.7701416015625,1588400
2016-07-05,80.08000183105469,80.20999908447266,79.43000030517578,79.9000015258789,73.46451568603516,1366400
2016-07-06,79.38999938964844,80.95999908447266,78.80999755859375,80.86000061035156,74.34717559814453,1341100
2016-07-07,81.18000030517578,82.19999694824219,80.87999725341797,81.31999969482422,74.7701416015625,865300
2016-07-08,82.19999694824219,83.98999786376953,81.98999786376953,83.58000183105469,76.84810638427734,1267800
2016-07-11,83.91999816894531,84.0,83.11000061035156,83.62999725341797,76.89408111572266,1277100
2016-07-12,84.37999725341797,86.06999969482422,84.26000213623047,85.22000122070312,78.35598754882812,1297800
2016-07-13,85.5199966430664,85.75,85.0199966430664,85.55000305175781,78.6594467163086,955300
2016-07-14,85.97000122070312,86.97000122070312,85.81999969482422,86.04000091552734,79.10995483398438,707600
2016-07-15,86.41999816894531,87.29000091552734,86.01000213623047,86.3499984741211,79.39501190185547,899500
2016-07-18,86.2300033569336,86.43000030517578,85.33999633789062,86.20999908447266,79.26627349853516,700900
2016-07-19,85.94999694824219,86.36000061035156,85.55999755859375,85.91999816894531,78.99964904785156,630100
2016-07-20,86.04000091552734,86.88999938964844,85.9000015258789,86.62000274658203,79.64324188232422,948500
2016-07-21,86.26000213623047,86.5999984741211,83.8499984741211,84.2699966430664,77.48252868652344,1257500
2016-07-22,84.62999725341797,85.43000030517578,84.11000061035156,85.01000213623047,78.16291809082031,875000
2016-07-25,85.0,86.2300033569336,84.77999877929688,86.19999694824219,79.25707244873047,1229800
2016-07-26,86.19999694824219,86.20999908447266,84.87999725341797,85.5199966430664,78.6318359375,909200
2016-07-27,85.37000274658203,85.51000213623047,84.12000274658203,84.81999969482422,77.98824310302734,841100
2016-07-28,84.66000366210938,86.13999938964844,84.25,85.11000061035156,78.25486755371094,1037700
2016-07-29,84.79000091552734,84.80000305175781,83.30999755859375,84.16999816894531,77.39058685302734,1702200
2016-08-01,84.22000122070312,84.48999786376953,83.58000183105469,83.91000366210938,77.15151977539062,1782700
2016-08-02,84.26000213623047,84.76000213623047,83.66999816894531,84.37000274658203,77.57447052001953,2035300
2016-08-03,84.51000213623047,84.58000183105469,83.11000061035156,83.98999786376953,77.2250747680664,2404000
2016-08-04,84.16999816894531,84.66000366210938,80.38999938964844,82.12000274658203,75.50569915771484,2906600
2016-08-05,82.22000122070312,82.6500015258789,81.48999786376953,82.33000183105469,75.69876861572266,1723300
2016-08-08,82.33000183105469,82.66000366210938,81.54000091552734,82.16999816894531,75.55167388916016,1495500
2016-08-09,82.48999786376953,82.66999816894531,81.72000122070312,82.01000213623047,75.40455627441406,1487400
2016-08-10,82.02999877929688,82.33000183105469,81.4000015258789,82.08999633789062,75.47809600830078,1297800
2016-08-11,82.12000274658203,83.11000061035156,81.62000274658203,82.58000183105469,75.92865753173828,1133100
2016-08-12,82.41000366210938,83.7300033569336,82.20999908447266,83.01000213623047,76.32403564453125,1139600
2016-08-15,83.4800033569336,84.79000091552734,83.27999877929688,84.08000183105469,77.3078384399414,1135700
2016-08-16,84.27999877929688,84.33000183105469,81.62999725341797,81.7300033569336,75.14710235595703,1066100
2016-08-17,81.77999877929688,81.83000183105469,80.18000030517578,80.55000305175781,74.06217193603516,1183200
2016-08-18,81.01000213623047,81.31999969482422,80.80000305175781,81.27999877929688,74.73336791992188,1070100
2016-08-19,81.0,82.91999816894531,80.81999969482422,82.73999786376953,76.07574462890625,1755900
2016-08-22,82.27999877929688,83.8499984741211,81.73999786376953,83.8499984741211,77.09636688232422,1089000
2016-08-23,84.5,86.5,84.16000366210938,84.16999816894531,77.39058685302734,1299800
2016-08-24,83.83999633789062,84.41000366210938,81.94999694824219,82.19000244140625,75.5700454711914,1566100
2016-08-25,82.30999755859375,83.37999725341797,82.12999725341797,82.56999969482422,75.91946411132812,753400
2016-08-26,82.91999816894531,83.5199966430664,81.33000183105469,81.79000091552734,75.20225524902344,879000
2016-08-29,81.93000030517578,82.94999694824219,81.6500015258789,82.75,76.0849609375,740900
2016-08-30,82.75,83.5,81.5999984741211,81.7300033569336,75.14710235595703,760400
2016-08-31,81.25,81.25,79.70999908447266,79.97000122070312,73.52888488769531,1308200
2016-09-01,79.94999694824219,81.30000305175781,79.55999755859375,81.30000305175781,74.75175476074219,1181500
2016-09-02,82.45999908447266,82.48999786376953,81.0999984741211,81.95999908447266,75.35858154296875,895200
2016-09-06,82.12999725341797,83.04000091552734,81.8499984741211,83.04000091552734,76.35161590576172,956200
2016-09-07,82.70999908447266,83.06999969482422,82.12999725341797,82.94999694824219,76.26882934570312,924700
2016-09-08,82.76000213623047,83.04000091552734,80.87000274658203,80.91999816894531,74.40235137939453,984300
2016-09-09,79.91000366210938,80.5,76.51000213623047,76.81999969482422,70.63258361816406,1849100
2016-09-12,75.5999984741211,77.72000122070312,75.11000061035156,77.44000244140625,71.2026596069336,1525900
2016-09-13,76.77999877929688,77.52999877929688,75.7300033569336,76.08999633789062,70.23802947998047,1372700
2016-09-14,76.05000305175781,76.44000244140625,75.12999725341797,75.72000122070312,69.89647674560547,1657700
2016-09-15,75.9000015258789,77.30999755859375,75.38999938964844,77.25,71.3088150024414,1789900
2016-09-16,76.83000183105469,77.1500015258789,75.77999877929688,76.7300033569336,70.82878875732422,2304900
2016-09-19,77.11000061035156,77.9800033569336,77.04000091552734,77.63999938964844,71.66881561279297,776700
2016-09-20,77.93000030517578,78.55999755859375,76.79000091552734,76.79000091552734,70.8841781616211,958300
2016-09-21,77.55999755859375,80.2300033569336,77.51000213623047,80.19000244140625,74.0226821899414,1483300
2016-09-22,81.0199966430664,81.80000305175781,80.91000366210938,81.19999694824219,74.95500946044922,1587400
2016-09-23,80.7699966430664,81.08000183105469,80.20999908447266,80.75,74.53962707519531,1194000
2016-09-26,80.86000061035156,82.18000030517578,80.77999877929688,81.69999694824219,75.41654968261719,1350700
2016-09-27,81.41000366210938,82.86000061035156,81.41000366210938,82.75,76.38578796386719,831400
2016-09-28,83.44000244140625,84.98999786376953,83.0199966430664,84.87000274658203,78.34275817871094,1027700
2016-09-29,84.87000274658203,85.30999755859375,83.06999969482422,83.1500015258789,76.75504302978516,1199900
2016-09-30,83.93000030517578,85.83999633789062,83.48999786376953,85.48999786376953,78.91506958007812,1380500
2016-10-03,85.19999694824219,85.44999694824219,84.08999633789062,84.83000183105469,78.30582427978516,966400
2016-10-04,84.97000122070312,85.37999725341797,82.54000091552734,82.62000274658203,76.26580810546875,1056200
2016-10-05,83.41999816894531,83.93000030517578,82.72000122070312,83.44000244140625,77.0227279663086,974600
2016-10-06,83.02999877929688,83.87000274658203,82.91000366210938,83.63999938964844,77.2073745727539,979600
2016-10-07,83.83000183105469,83.83000183105469,81.62999725341797,82.37000274658203,76.03502655029297,974000
2016-10-10,83.22000122070312,84.4800033569336,83.0999984741211,83.4800033569336,77.05966186523438,623000
2016-10-11,83.02999877929688,83.19999694824219,81.30999755859375,81.72000122070312,75.43501281738281,522600
2016-10-12,81.70999908447266,81.70999908447266,80.2699966430664,81.1500015258789,74.90885925292969,807800
2016-10-13,80.26000213623047,80.94999694824219,79.08000183105469,80.44000244140625,74.25348663330078,662900
2016-10-14,81.13999938964844,81.77999877929688,80.7699966430664,80.86000061035156,74.64115905761719,621200
2016-10-17,80.80999755859375,81.51000213623047,80.75,81.26000213623047,75.01041412353516,595900
2016-10-18,82.47000122070312,82.70999908447266,81.62999725341797,81.66000366210938,75.37965393066406,503400
2016-10-19,81.80000305175781,82.6500015258789,81.01000213623047,82.58999633789062,76.23811340332031,552900
2016-10-20,81.94999694824219,83.44000244140625,81.87999725341797,83.0199966430664,76.6350326538086,436700
2016-10-21,82.88999938964844,82.88999938964844,81.54000091552734,82.19999694824219,75.87812042236328,594400
2016-10-24,83.04000091552734,83.48999786376953,82.19999694824219,83.36000061035156,76.94889068603516,607800
2016-10-25,83.19000244140625,83.19000244140625,82.0,82.0999984741211,75.7857894897461,424600
2016-10-26,81.29000091552734,82.0,80.68000030517578,81.08999633789062,74.85348510742188,697200
2016-10-27,81.76000213623047,82.41000366210938,81.2699966430664,82.05000305175781,75.7396240234375,634700
2016-10-28,82.25,84.04000091552734,82.2300033569336,82.91000366210938,76.53351593017578,647900
2016-10-31,82.95999908447266,84.16999816894531,82.73999786376953,83.55000305175781,77.12427520751953,1104600
2016-11-01,83.56999969482422,84.26000213623047,82.22000122070312,82.9000015258789,76.5242691040039,1071200
2016-11-02,82.51000213623047,82.93000030517578,81.80000305175781,82.25,75.92426300048828,626800
2016-11-03,82.5999984741211,84.4800033569336,82.30000305175781,83.80000305175781,77.35504913330078,1009200
2016-11-04,83.5999984741211,84.41000366210938,82.69999694824219,83.4800033569336,77.05966186523438,845400
2016-11-07,85.0199966430664,86.87999725341797,84.69000244140625,86.27999877929688,79.64430236816406,1412300
2016-11-08,85.98999786376953,86.87999725341797,82.68000030517578,82.75,76.38578796386719,1818200
2016-11-09,81.91000366210938,82.20999908447266,79.20999908447266,80.41999816894531,74.23499298095703,2626400
2016-11-10,80.7300033569336,82.0,80.0999984741211,81.5199966430664,75.25040435791016,1302200
2016-11-11,81.0,81.4800033569336,80.13999938964844,80.43000030517578,74.2442398071289,1115400
2016-11-14,80.72000122070312,81.0,76.31999969482422,77.08000183105469,71.15189361572266,1933600
2016-11-15,77.25,80.16000366210938,77.25,80.12000274658203,73.95809936523438,1270800
2016-11-16,80.29000091552734,81.81999969482422,79.83999633789062,81.55000305175781,75.2780990600586,1076200
2016-11-17,81.93000030517578,83.22000122070312,81.77999877929688,82.97000122070312,76.58889770507812,899900
2016-11-18,82.94999694824219,83.27999877929688,82.18000030517578,82.45999908447266,76.11811828613281,529800
2016-11-21,82.80999755859375,83.9000015258789,82.58000183105469,83.8499984741211,77.40119934082031,743300
2016-11-22,84.01000213623047,84.5999984741211,83.5199966430664,84.30000305175781,77.81660461425781,653900
2016-11-23,83.9000015258789,84.19000244140625,83.04000091552734,83.87999725341797,77.42889404296875,536100
2016-11-25,83.93000030517578,84.5,83.70999908447266,84.0,77.53968811035156,200200
2016-11-28,84.0999984741211,84.77999877929688,83.91000366210938,83.95999908447266,77.50273895263672,547000
2016-11-29,83.58000183105469,87.16999816894531,83.0999984741211,85.94999694824219,79.33970642089844,1158600
2016-11-30,86.61000061035156,88.7300033569336,86.61000061035156,87.77999877929688,81.02897644042969,1720700
2016-12-01,88.29000091552734,88.29000091552734,85.4000015258789,85.6500015258789,79.06277465820312,1159000
2016-12-02,85.68000030517578,85.9800033569336,84.37000274658203,84.86000061035156,78.33352661132812,677900
2016-12-05,85.55999755859375,86.44999694824219,85.41000366210938,86.27999877929688,79.64430236816406,1173800
2016-12-06,85.73999786376953,86.62999725341797,85.5999984741211,86.31999969482422,79.68124389648438,1332600
2016-12-07,86.23999786376953,88.87000274658203,86.23999786376953,88.80000305175781,81.97052001953125,805200
2016-12-08,90.0,92.23999786376953,89.30999755859375,91.80000305175781,84.73978424072266,1564400
2016-12-09,91.68000030517578,91.68000030517578,90.12999725341797,90.69000244140625,83.71514892578125,869400
2016-12-12,90.9000015258789,91.5999984741211,90.66000366210938,91.31999969482422,84.29670715332031,710700
2016-12-13,91.47000122070312,91.73999786376953,90.29000091552734,91.12000274658203,84.39393615722656,974000
2016-12-14,91.1500015258789,91.80000305175781,89.87999725341797,89.94000244140625,83.30103302001953,1428600
2016-12-15,90.33999633789062,90.79000091552734,89.31999969482422,89.81999969482422,83.18988800048828,811200
2016-12-16,90.05000305175781,90.51000213623047,88.08000183105469,89.2300033569336,82.64344787597656,1634600
2016-12-19,89.45999908447266,89.66000366210938,88.37999725341797,89.0,82.43042755126953,811200
2016-12-20,89.0999984741211,89.80999755859375,88.66999816894531,89.33999633789062,82.74533081054688,460200
2016-12-21,89.33999633789062,89.98999786376953,89.08000183105469,89.27999877929688,82.68976593017578,396100
2016-12-22,89.0,89.52999877929688,88.20999908447266,88.41999816894531,81.89324188232422,379100
2016-12-23,88.4800033569336,88.8499984741211,87.72000122070312,88.81999969482422,82.26372528076172,226900
2016-12-27,88.88999938964844,89.45999908447266,88.5999984741211,89.01000213623047,82.43968963623047,228700
2016-12-28,89.05000305175781,89.41000366210938,86.5,86.58000183105469,80.1890640258789,604200
2016-12-29,86.7300033569336,87.13999938964844,86.30999755859375,87.06999969482422,80.64289093017578,355200
2016-12-30,87.33999633789062,87.73999786376953,85.5999984741211,86.08000183105469,79.72598266601562,470100
2017-01-03,87.1500015258789,88.12000274658203,86.9800033569336,88.05000305175781,81.55056762695312,975600
2017-01-04,88.72000122070312,91.1500015258789,88.69000244140625,90.69999694824219,84.00494384765625,1147600
2017-01-05,90.63999938964844,91.38999938964844,89.7300033569336,90.38999938964844,83.71783447265625,913200
2017-01-06,90.62000274658203,91.0,89.86000061035156,90.80999755859375,84.1068344116211,550900
2017-01-09,90.7300033569336,90.9800033569336,90.37000274658203,90.4800033569336,83.80120086669922,936100
2017-01-10,90.86000061035156,91.16999816894531,89.08999633789062,89.87999725341797,83.2454833984375,825000
2017-01-11,90.56999969482422,94.12999725341797,90.08000183105469,93.30000305175781,86.41303253173828,1807500
2017-01-12,93.52999877929688,94.30999755859375,92.19999694824219,93.75,86.82982635498047,1042200
2017-01-13,94.16999816894531,94.94000244140625,93.33999633789062,94.0,87.06135559082031,603400
2017-01-17,95.13999938964844,95.79000091552734,93.91000366210938,94.3499984741211,87.38554382324219,844600
2017-01-18,94.83999633789062,95.01000213623047,92.30000305175781,92.5999984741211,85.76467895507812,1104800
2017-01-19,92.75,94.41000366210938,92.54000091552734,93.05000305175781,86.18148040771484,609600
2017-01-20,93.55999755859375,94.05000305175781,92.83999633789062,93.36000061035156,86.46859741210938,701600
2017-01-23,93.37999725341797,93.91000366210938,92.8499984741211,93.69999694824219,86.78349304199219,349400
2017-01-24,93.94000244140625,95.83999633789062,93.70999908447266,95.55000305175781,88.49695587158203,921900
2017-01-25,95.81999969482422,95.86000061035156,93.25,94.0,87.06135559082031,1083700
2017-01-26,94.08999633789062,95.88999938964844,94.04000091552734,95.4800033569336,88.4321060180664,795800
2017-01-27,95.33999633789062,95.87000274658203,94.76000213623047,95.41999816894531,88.37654113769531,452800
2017-01-30,94.79000091552734,94.8499984741211,93.51000213623047,94.56999969482422,87.58930206298828,677400
2017-01-31,94.61000061035156,94.68000030517578,92.5199966430664,92.63999938964844,85.80175018310547,1453700
2017-02-01,93.19000244140625,93.63999938964844,91.66000366210938,93.41000366210938,86.51493072509766,855100
2017-02-02,93.4000015258789,93.4000015258789,91.5,92.91000366210938,86.05181121826172,588900
2017-02-03,93.37999725341797,94.44999694824219,93.0,94.2699966430664,87.3114242553711,446800
2017-02-06,94.04000091552734,94.47000122070312,93.7699966430664,94.29000091552734,87.32994842529297,478100
2017-02-07,94.0,94.44999694824219,92.26000213623047,92.80000305175781,85.949951171875,756200
2017-02-08,92.91000366210938,94.38999938964844,92.19999694824219,94.3499984741211,87.38554382324219,661600
2017-02-09,94.3499984741211,94.8499984741211,93.6500015258789,93.91000366210938,86.97802734375,498300
2017-02-10,94.44999694824219,94.44999694824219,93.2699966430664,93.69999694824219,86.78349304199219,637800
2017-02-13,94.33000183105469,95.41000366210938,93.6500015258789,94.75,87.75601196289062,660400
2017-02-14,94.37000274658203,94.37000274658203,90.3499984741211,91.19000244140625,84.45878601074219,1654700
2017-02-15,91.30999755859375,93.01000213623047,91.0199966430664,92.76000213623047,85.91287994384766,1510500
2017-02-16,92.87999725341797,93.98999786376953,92.06999969482422,92.41000366210938,85.58872985839844,593700
2017-02-17,92.44000244140625,92.80000305175781,91.56999969482422,91.91999816894531,85.13488006591797,1016700
2017-02-21,92.51000213623047,93.83000183105469,92.41000366210938,93.77999877929688,86.85759735107422,790200
2017-02-22,93.41000366210938,93.6500015258789,92.37999725341797,92.44000244140625,85.61651611328125,652200
2017-02-23,93.12000274658203,93.23999786376953,91.7699966430664,92.41000366210938,85.58872985839844,738600
2017-02-24,91.93000030517578,93.13999938964844,91.0199966430664,92.93000030517578,86.07034301757812,700000
2017-02-27,92.98999786376953,93.4000015258789,92.22000122070312,92.45999908447266,85.63504028320312,930600
2017-02-28,95.80000305175781,102.55999755859375,95.73999786376953,101.51000213623047,94.01700592041016,4246500
2017-03-01,102.9000015258789,104.33000183105469,102.0,102.66000366210938,95.08212280273438,2591800
2017-03-02,102.80999755859375,104.77999877929688,102.1500015258789,103.05999755859375,95.45259094238281,2040100
2017-03-03,103.4000015258789,105.19999694824219,103.08000183105469,104.7699966430664,97.03636932373047,1153200
2017-03-06,101.91999816894531,102.66999816894531,98.62999725341797,102.11000061035156,94.57271575927734,2329000
2017-03-07,102.11000061035156,104.81999969482422,101.56999969482422,103.79000091552734,96.12870025634766,1396700
2017-03-08,103.58999633789062,103.88999938964844,102.23999786376953,102.73999786376953,95.15620422363281,1285100
2017-03-09,102.95999908447266,103.37000274658203,102.02999877929688,102.5,94.93392181396484,1457100
2017-03-10,102.69999694824219,104.01000213623047,102.36000061035156,103.05000305175781,95.44332885742188,1422600
2017-03-13,102.58000183105469,104.55000305175781,102.1500015258789,104.5,97.08778381347656,1336600
2017-03-14,104.01000213623047,104.38999938964844,103.05999755859375,103.94999694824219,96.57679748535156,752600
2017-03-15,104.5,105.51000213623047,103.86000061035156,105.22000122070312,97.7567138671875,781700
2017-03-16,105.0999984741211,105.7300033569336,103.70999908447266,104.01000213623047,96.63253784179688,1017400
2017-03-17,104.48999786376953,106.52999877929688,104.4000015258789,106.20999908447266,98.6764907836914,1436900
2017-03-20,106.04000091552734,106.19000244140625,105.12000274658203,106.06999969482422,98.5464096069336,1032400
2017-03-21,106.06999969482422,107.55999755859375,104.06999969482422,104.25,96.85552215576172,1249500
2017-03-22,104.5999984741211,105.47000122070312,103.30000305175781,105.22000122070312,97.7567138671875,984800
2017-03-23,105.18000030517578,106.38999938964844,104.8499984741211,105.1500015258789,97.69168853759766,690000
2017-03-24,105.54000091552734,106.18000030517578,104.02999877929688,104.44999694824219,97.04131317138672,527400
2017-03-27,103.62000274658203,104.94999694824219,102.6500015258789,104.5999984741211,97.1806869506836,841100
2017-03-28,104.58000183105469,105.45999908447266,104.12999725341797,104.87999725341797,97.44082641601562,805000
2017-03-29,105.0,105.94999694824219,104.9000015258789,105.04000091552734,97.58949279785156,916300
2017-03-30,105.08000183105469,106.08999633789062,104.83999633789062,105.13999938964844,97.68241119384766,671400
2017-03-31,104.95999908447266,106.48999786376953,104.37999725341797,105.63999938964844,98.14690399169922,936800
2017-04-03,105.7300033569336,106.30000305175781,103.83000183105469,105.02999877929688,97.58019256591797,991500
2017-04-04,104.97000122070312,105.91999816894531,104.80999755859375,105.5,98.01685333251953,884000
2017-04-05,105.69000244140625,106.69999694824219,104.91000366210938,105.20999908447266,97.7474365234375,1168300
2017-04-06,105.33000183105469,106.16999816894531,104.9000015258789,106.02999877929688,98.5092544555664,705100
2017-04-07,106.0199966430664,106.30000305175781,105.51000213623047,105.94000244140625,98.42565155029297,1211600
2017-04-10,105.95999908447266,106.20999908447266,104.58000183105469,104.86000061035156,97.42222595214844,984200
2017-04-11,104.55999755859375,105.69999694824219,104.33000183105469,105.61000061035156,98.1190414428711,645700
2017-04-12,106.0,106.08000183105469,103.80000305175781,104.12000274658203,96.7347412109375,689600
2017-04-13,104.0,104.80999755859375,103.41999816894531,103.62000274658203,96.27019500732422,499300
2017-04-17,103.75,104.62999725341797,103.45999908447266,104.62999725341797,97.20855712890625,721100
2017-04-18,103.94999694824219,105.80999755859375,103.94999694824219,105.7699966430664,98.2677001953125,890800
2017-04-19,106.05000305175781,106.93000030517578,105.37000274658203,105.83999633789062,98.3327407836914,948500
2017-04-20,106.13999938964844,106.25,105.38999938964844,105.5199966430664,98.03544616699219,888800
2017-04-21,105.5999984741211,106.0199966430664,104.88999938964844,105.0999984741211,97.64521026611328,1106600
2017-04-24,106.0199966430664,106.94000244140625,105.87999725341797,106.83000183105469,99.25250244140625,934000
2017-04-25,107.44000244140625,108.45999908447266,107.37000274658203,108.08999633789062,100.42313385009766,706500
2017-04-26,108.11000061035156,108.55999755859375,107.23999786376953,108.30000305175781,100.61827087402344,671200
2017-04-27,108.27999877929688,109.2300033569336,107.77999877929688,108.18000030517578,100.50675964355469,759300
2017-04-28,108.23999786376953,109.05000305175781,108.19999694824219,108.91000366210938,101.18497467041016,1206100
2017-05-01,109.08999633789062,110.12999725341797,107.0,109.38999938964844,101.63093566894531,854800
2017-05-02,109.33999633789062,109.33999633789062,108.0,108.37999725341797,100.69258117675781,831000
2017-05-03,108.3499984741211,108.62999725341797,107.19000244140625,107.6500015258789,100.01435089111328,968600
2017-05-04,111.98999786376953,112.7300033569336,108.44000244140625,108.70999908447266,100.99916076660156,1977000
2017-05-05,109.36000061035156,110.9000015258789,108.8499984741211,110.01000213623047,102.20696258544922,1116500
2017-05-08,110.0199966430664,110.30999755859375,108.72000122070312,109.55999755859375,101.78885650634766,864000
2017-05-09,109.5,109.91999816894531,108.69999694824219,109.33000183105469,101.57520294189453,709800
2017-05-10,109.5,110.5999984741211,109.16000366210938,110.56999969482422,102.72722625732422,819200
2017-05-11,110.56999969482422,110.94000244140625,110.08000183105469,110.73999786376953,102.88516998291016,549000
2017-05-12,110.44000244140625,110.73999786376953,110.08999633789062,110.37999725341797,102.55069732666016,601900
2017-05-15,111.08999633789062,112.81999969482422,110.72000122070312,112.05000305175781,104.10224914550781,654200
2017-05-16,112.44999694824219,112.87999725341797,111.69999694824219,112.37000274658203,104.39955139160156,759900
2017-05-17,112.37000274658203,112.37000274658203,110.48999786376953,110.54000091552734,102.69937133789062,981300
2017-05-18,109.9800033569336,110.66999816894531,108.87000274658203,110.0,102.19766235351562,921000
2017-05-19,110.44999694824219,111.80000305175781,110.16000366210938,110.31999969482422,102.49496459960938,897000
2017-05-22,110.91000366210938,111.05999755859375,109.73999786376953,110.58000183105469,102.73653411865234,797800
2017-05-23,110.91000366210938,112.0,110.58999633789062,111.70999908447266,103.78638458251953,592100
2017-05-24,111.70999908447266,112.55000305175781,111.55000305175781,112.05000305175781,104.10224914550781,548600
2017-05-25,112.52999877929688,113.69999694824219,112.26000213623047,112.58999633789062,104.60395050048828,635900
2017-05-26,112.5,113.05999755859375,112.19999694824219,112.86000061035156,104.85478973388672,601000
2017-05-30,112.79000091552734,112.88999938964844,111.44000244140625,112.45999908447266,104.48316955566406,772000
2017-05-31,112.27999877929688,113.7300033569336,111.88999938964844,113.5999984741211,105.54230499267578,1136200
2017-06-01,113.68000030517578,114.29000091552734,112.88999938964844,113.36000061035156,105.31934356689453,813600
2017-06-02,113.4000015258789,114.4000015258789,113.05999755859375,114.08999633789062,105.99755096435547,605100
2017-06-05,113.80000305175781,114.48999786376953,113.16000366210938,113.61000061035156,105.55162048339844,689500
2017-06-06,113.5,113.95999908447266,112.62000274658203,112.68000030517578,104.68756866455078,754600
2017-06-07,112.68000030517578,113.16999816894531,112.37999725341797,112.80000305175781,104.79905700683594,1068500
2017-06-08,112.80000305175781,114.76000213623047,112.37000274658203,114.2699966430664,106.16477966308594,1440700
2017-06-09,114.75,116.63999938964844,114.08999633789062,115.4000015258789,107.21463775634766,1131500
2017-06-12,115.22000122070312,115.4000015258789,110.97000122070312,111.19000244140625,103.3032455444336,1804700
2017-06-13,112.33000183105469,112.91000366210938,110.9800033569336,112.66000366210938,104.9710922241211,1111600
2017-06-14,112.61000061035156,112.66000366210938,108.55999755859375,109.2699966430664,101.81244659423828,1710400
2017-06-15,107.95999908447266,108.0,103.62999725341797,106.05000305175781,98.81221008300781,2579100
2017-06-16,106.19999694824219,108.12000274658203,105.8499984741211,108.08999633789062,100.7129898071289,1704100
2017-06-19,108.5,109.2300033569336,106.9000015258789,108.33000183105469,100.93660736083984,1114700
2017-06-20,107.8499984741211,109.13999938964844,107.0,107.73999786376953,100.38687133789062,804900
2017-06-21,107.56999969482422,107.62000274658203,105.87000274658203,106.19000244140625,98.94267272949219,1274100
2017-06-22,106.47000122070312,106.69999694824219,105.11000061035156,105.19999694824219,98.02021026611328,1180000
2017-06-23,105.30999755859375,105.91000366210938,104.41999816894531,104.8499984741211,97.69409942626953,3099700
2017-06-26,105.11000061035156,106.55999755859375,104.25,105.0199966430664,97.85250854492188,1826300
2017-06-27,105.38999938964844,105.69000244140625,104.30000305175781,104.47000122070312,97.3400650024414,1313000
2017-06-28,105.12999725341797,107.33000183105469,104.62999725341797,106.91999816894531,99.62284851074219,1201500
2017-06-29,107.18000030517578,107.26000213623047,103.7699966430664,104.66999816894531,97.5263900756836,985700
2017-06-30,105.22000122070312,106.52999877929688,105.12000274658203,105.54000091552734,98.33700561523438,807200
2017-07-03,106.33999633789062,106.52999877929688,105.33999633789062,106.02999877929688,98.79358673095703,555400
2017-07-05,106.0,108.66000366210938,106.0,108.0199966430664,100.64775085449219,1356400
2017-07-06,107.86000061035156,109.08000183105469,107.30000305175781,108.05000305175781,100.67570495605469,1173700
2017-07-07,108.31999969482422,110.44999694824219,108.1500015258789,109.98999786376953,102.4832992553711,1567300
2017-07-10,110.20999908447266,111.9000015258789,110.0,111.33999633789062,103.7411880493164,1443600
2017-07-11,111.68000030517578,113.08000183105469,110.8499984741211,112.94999694824219,105.24129486083984,1321700
2017-07-12,113.5,117.12999725341797,113.37999725341797,116.54000091552734,108.58628845214844,2115100
2017-07-13,116.5999984741211,119.0,116.5999984741211,117.68000030517578,109.64848327636719,2336800
2017-07-14,118.37000274658203,118.98999786376953,117.01000213623047,117.56999969482422,109.54600524902344,1723100
2017-07-17,117.66000366210938,117.7699966430664,116.45999908447266,116.86000061035156,108.88442993164062,863700
2017-07-18,116.81999969482422,118.18000030517578,116.16999816894531,117.7300033569336,109.695068359375,688900
2017-07-19,117.97000122070312,119.58999633789062,116.66000366210938,119.16000366210938,111.0274887084961,1215400
2017-07-20,119.0,119.16000366210938,117.63999938964844,117.91000366210938,109.86277770996094,928700
2017-07-21,117.98999786376953,118.87999725341797,117.58999633789062,118.33999633789062,110.26342010498047,1017200
2017-07-24,118.52999877929688,119.38999938964844,117.83999633789062,118.5999984741211,110.50570678710938,1596600
2017-07-25,119.5,119.5,118.4000015258789,118.80000305175781,110.6920394897461,1128000
2017-07-26,119.16000366210938,119.27999877929688,117.0,117.19999694824219,109.20122528076172,870700
2017-07-27,117.80999755859375,118.30999755859375,115.19999694824219,116.37000274658203,108.42788696289062,955900
2017-07-28,116.36000061035156,116.9800033569336,115.9000015258789,116.5,108.54901885986328,1388000
2017-07-31,116.80000305175781,117.01000213623047,115.7300033569336,115.80000305175781,107.89678955078125,925200
2017-08-01,116.05999755859375,117.68000030517578,115.30000305175781,117.43000030517578,109.41554260253906,916200
2017-08-02,117.5,119.95999908447266,117.05000305175781,119.44999694824219,111.29766845703125,1527100
2017-08-03,119.79000091552734,119.95999908447266,118.4800033569336,118.80000305175781,110.6920394897461,1321400
2017-08-04,118.97000122070312,119.98999786376953,118.75,119.5999984741211,111.43743896484375,1077200
2017-08-07,120.62000274658203,123.4800033569336,120.0,123.08000183105469,114.67994689941406,3815400
2017-08-08,119.12999725341797,119.16999816894531,113.68000030517578,115.41000366210938,107.53341674804688,5311600
2017-08-09,114.66000366210938,115.70999908447266,111.2300033569336,113.16000366210938,105.43696594238281,2603600
2017-08-10,112.5,112.51000213623047,110.25,110.94999694824219,103.37779998779297,2603500
2017-08-11,110.0,110.27999877929688,108.5999984741211,109.36000061035156,101.89631652832031,2137700
2017-08-14,110.13999938964844,111.4800033569336,110.05000305175781,110.83000183105469,103.26599884033203,1620100
2017-08-15,111.0,112.43000030517578,110.01000213623047,111.87999725341797,104.24433135986328,1179300
2017-08-16,112.0,113.83999633789062,111.26000213623047,113.41999816894531,105.67922973632812,1289000
2017-08-17,113.94000244140625,113.94000244140625,112.0,112.11000061035156,104.45862579345703,1046000
2017-08-18,112.04000091552734,113.31999969482422,111.55999755859375,112.58999633789062,104.90585327148438,872700
2017-08-21,112.6500015258789,113.58999633789062,112.2300033569336,113.4800033569336,105.7351303100586,686000
2017-08-22,113.88999938964844,116.19000244140625,113.7699966430664,115.81999969482422,107.9154281616211,974200
2017-08-23,115.56999969482422,116.41000366210938,115.11000061035156,115.38999938964844,107.51477813720703,609300
2017-08-24,115.62999725341797,116.2699966430664,114.72000122070312,114.86000061035156,107.02094268798828,948100
2017-08-25,115.12999725341797,115.45999908447266,114.26000213623047,114.94999694824219,107.10480499267578,605600
2017-08-28,115.93000030517578,116.0,114.45999908447266,115.43000030517578,107.55201721191406,594800
2017-08-29,114.80000305175781,114.80000305175781,113.47000122070312,114.45999908447266,106.64823913574219,627300
2017-08-30,114.55000305175781,115.54000091552734,113.86000061035156,115.16999816894531,107.30979919433594,717600
2017-08-31,116.22000122070312,117.1500015258789,115.95999908447266,116.26000213623047,108.32539367675781,909200
2017-09-01,117.05999755859375,118.86000061035156,116.62999725341797,118.62999725341797,110.53365325927734,909300
2017-09-05,119.0,120.02999877929688,116.16000366210938,116.66999816894531,108.7074203491211,1177800
2017-09-06,116.94999694824219,119.6500015258789,116.22000122070312,118.66000366210938,110.56160736083984,1263000
2017-09-07,118.75,119.7300033569336,117.88999938964844,118.08999633789062,110.03050231933594,891800
2017-09-08,118.08000183105469,119.0,117.79000091552734,118.27999877929688,110.2075424194336,688600
2017-09-11,120.12000274658203,124.31999969482422,119.5199966430664,123.8499984741211,115.39741516113281,1724200
2017-09-12,124.5,126.31999969482422,124.2699966430664,124.63999938964844,116.13347625732422,1402000
2017-09-13,124.66000366210938,126.1500015258789,124.44000244140625,125.5999984741211,117.02793884277344,1284400
2017-09-14,125.27999877929688,126.19999694824219,124.75,126.0,117.70053100585938,1220500
2017-09-15,126.30000305175781,127.83000183105469,125.30000305175781,127.29000091552734,118.9055404663086,1617800
2017-09-18,128.5,131.66000366210938,128.16000366210938,131.02000427246094,122.38988494873047,1694500
2017-09-19,131.5,135.25999450683594,131.22000122070312,134.64999389648438,125.78075408935547,1990900
2017-09-20,135.2899932861328,136.9499969482422,134.0800018310547,136.0800018310547,127.1165771484375,2917300
2017-09-21,136.5,136.5,134.0800018310547,134.88999938964844,126.00494384765625,2017900
2017-09-22,134.39999389648438,134.8800048828125,133.25999450683594,134.2899932861328,125.44446563720703,1324200
2017-09-25,132.27999877929688,132.64999389648438,127.30999755859375,128.88999938964844,120.40016174316406,2642500
2017-09-26,129.0,129.91000366210938,127.41000366210938,128.4199981689453,119.96112060546875,1422100
2017-09-27,129.16000366210938,131.1199951171875,128.88999938964844,130.02000427246094,121.45573425292969,1235600
2017-09-28,130.57000732421875,132.5500030517578,130.1999969482422,132.32000732421875,123.60424041748047,1299900
2017-09-29,132.8000030517578,137.47999572753906,132.5,136.30999755859375,127.33141326904297,2103600
2017-10-02,136.25,136.8800048828125,133.83999633789062,136.6199951171875,127.6209945678711,1180300
2017-10-03,137.22000122070312,137.8300018310547,136.32000732421875,137.4199981689453,128.36830139160156,889400
2017-10-04,137.89999389648438,138.58999633789062,137.08999633789062,138.22000122070312,129.1156005859375,1113100
2017-10-05,138.67999267578125,140.10000610351562,138.22999572753906,139.66000366210938,130.46078491210938,820000
2017-10-06,135.69000244140625,137.22000122070312,134.5399932861328,137.19000244140625,128.1534423828125,1988400
2017-10-09,137.5500030517578,138.10000610351562,135.22999572753906,136.5500030517578,127.55558776855469,893400
2017-10-10,137.24000549316406,138.14999389648438,135.8300018310547,137.77000427246094,128.6952362060547,832400
2017-10-11,138.0,138.22000122070312,136.3699951171875,137.4199981689453,128.36830139160156,1205400
2017-10-12,137.0,138.3300018310547,136.9600067138672,137.3000030517578,128.25619506835938,932000
2017-10-13,138.75,139.47999572753906,137.52999877929688,138.94000244140625,129.78819274902344,906400
2017-10-16,139.83999633789062,141.30999755859375,138.61000061035156,140.16000366210938,130.92782592773438,1332600
2017-10-17,140.6699981689453,140.6999969482422,138.88999938964844,139.41000366210938,130.22723388671875,1049200
2017-10-18,140.05999755859375,140.27999877929688,139.3000030517578,139.66000366210938,130.46078491210938,719900
2017-10-19,138.22000122070312,139.52000427246094,137.14999389648438,139.49000549316406,130.3019256591797,798300
2017-10-20,140.6999969482422,141.2899932861328,140.05999755859375,140.77999877929688,131.50697326660156,925000
2017-10-23,141.0,141.39999389648438,137.77000427246094,138.52999877929688,129.40518188476562,1535500
2017-10-24,138.89999389648438,139.47999572753906,137.86000061035156,138.72000122070312,129.58270263671875,1332800
2017-10-25,139.5,140.44000244140625,136.8800048828125,138.52999877929688,129.40518188476562,1778700
2017-10-26,139.39999389648438,139.75999450683594,137.60000610351562,139.0399932861328,129.88157653808594,1375900
2017-10-27,139.63999938964844,139.97000122070312,137.8699951171875,139.0800018310547,129.9189453125,1204800
2017-10-30,139.0800018310547,140.1699981689453,138.52999877929688,139.50999450683594,130.3206329345703,834800
2017-10-31,139.02000427246094,140.88999938964844,139.02000427246094,140.88999938964844,131.60972595214844,1576300
2017-11-01,142.0,142.4199981689453,140.85000610351562,142.3300018310547,132.9549102783203,906700
2017-11-02,142.5,143.69000244140625,135.61000061035156,136.91000366210938,127.89190673828125,2364000
2017-11-03,136.5500030517578,140.35000610351562,135.25,140.0399932861328,130.81568908691406,1395300
2017-11-06,140.24000549316406,142.0,140.13999938964844,141.97000122070312,132.61862182617188,950800
2017-11-07,142.0,143.57000732421875,141.86000061035156,143.1300048828125,133.70217895507812,1560600
2017-11-08,143.52999877929688,144.99000549316406,142.5,144.5800018310547,135.05665588378906,1750000
2017-11-09,142.11000061035156,142.44000244140625,136.38999938964844,140.83999633789062,131.56300354003906,2589200
2017-11-10,141.02000427246094,142.69000244140625,140.4199981689453,140.6199951171875,131.35751342773438,1056300
2017-11-13,139.5399932861328,143.66000366210938,139.52000427246094,143.3699951171875,133.92637634277344,948500
2017-11-14,139.52000427246094,139.6199951171875,136.80999755859375,137.64999389648438,128.58311462402344,1715600
2017-11-15,136.0,136.1999969482422,131.14999389648438,134.5399932861328,125.67797088623047,1987100
2017-11-16,135.5,136.75,134.67999267578125,135.3300018310547,126.41596984863281,1915200
2017-11-17,135.9199981689453,136.32000732421875,134.63999938964844,136.2100067138672,127.23800659179688,1441700
2017-11-20,135.47999572753906,136.1999969482422,135.00999450683594,135.39999389648438,126.48135375976562,1009300
2017-11-21,136.2899932861328,137.72000122070312,136.0500030517578,136.6999969482422,127.69569396972656,958500
2017-11-22,137.75,137.83999633789062,135.1699981689453,135.25,126.34123229980469,715400
2017-11-24,135.61000061035156,137.50999450683594,135.5,137.05999755859375,128.03199768066406,415500
2017-11-27,137.05999755859375,137.35000610351562,136.19000244140625,136.22999572753906,127.25664520263672,773900
2017-11-28,136.75999450683594,137.5399932861328,135.89999389648438,136.88999938964844,127.87319946289062,690700
2017-11-29,137.14999389648438,137.14999389648438,130.6300048828125,131.9499969482422,123.25859832763672,1529700
2017-11-30,132.02999877929688,134.80999755859375,131.75999450683594,134.32000732421875,125.47249603271484,1291000
2017-12-01,134.86000061035156,135.39999389648438,130.00999450683594,132.14999389648438,123.4454345703125,1240100
2017-12-04,133.42999267578125,133.89999389648438,129.1699981689453,129.35000610351562,120.8298568725586,1595600
2017-12-05,128.5,130.25,127.18000030517578,127.98999786376953,119.55944061279297,1414300
2017-12-06,127.52999877929688,128.1999969482422,126.30999755859375,127.4800033569336,119.08303833007812,1675300
2017-12-07,127.05999755859375,130.5399932861328,127.0,129.0800018310547,120.57763671875,979500
2017-12-08,129.92999267578125,131.85000610351562,129.88999938964844,130.60000610351562,121.99755096435547,1557300
2017-12-11,130.9199981689453,132.14999389648438,130.1699981689453,131.13999938964844,122.50196838378906,970900
2017-12-12,131.0,131.1199951171875,130.1199951171875,130.36000061035156,121.77336120605469,1025700
2017-12-13,130.3699951171875,131.10000610351562,129.77999877929688,130.10000610351562,121.53047180175781,960800
2017-12-14,130.0,130.05999755859375,127.5199966430664,127.58000183105469,119.47030639648438,1015000
2017-12-15,129.19000244140625,132.0399932861328,128.99000549316406,129.57000732421875,121.33381652832031,2133700
2017-12-18,131.6300048828125,132.80999755859375,131.1300048828125,132.0800018310547,123.68427276611328,1387600
2017-12-19,132.1199951171875,132.99000549316406,131.60000610351562,132.02000427246094,123.62808227539062,1047100
2017-12-20,132.5,132.80999755859375,131.3000030517578,131.3300018310547,122.98194122314453,832300
2017-12-21,131.69000244140625,131.97000122070312,128.47000122070312,128.64999389648438,120.47227478027344,1102100
2017-12-22,128.3699951171875,129.4600067138672,128.0,129.2899932861328,121.07158660888672,781100
2017-12-26,129.24000549316406,129.39999389648438,128.05999755859375,129.0399932861328,120.83747863769531,326200
2017-12-27,129.0,129.60000610351562,128.17999267578125,128.42999267578125,120.26626586914062,667800
2017-12-28,128.5500030517578,128.80999755859375,127.37000274658203,128.4499969482422,120.28498840332031,998200
2017-12-29,128.77000427246094,129.1999969482422,127.5199966430664,127.88999938964844,119.7605972290039,714600
2018-01-02,128.92999267578125,131.91000366210938,128.49000549316406,131.52999877929688,123.16923522949219,1118600
2018-01-03,132.0399932861328,133.94000244140625,130.6199951171875,131.7899932861328,123.41268157958984,1042100
2018-01-04,132.25,132.9600067138672,130.11000061035156,130.22000122070312,121.94247436523438,820600
2018-01-05,131.0399932861328,132.7899932861328,130.50999450683594,131.72000122070312,123.34712982177734,806500
2018-01-08,134.3000030517578,138.6699981689453,133.5800018310547,137.4499969482422,128.71292114257812,1945200
2018-01-09,137.52000427246094,137.97999572753906,135.00999450683594,135.44000244140625,126.83069610595703,1198100
2018-01-10,135.11000061035156,135.25,132.2899932861328,132.9600067138672,124.50833129882812,884600
2018-01-11,133.3000030517578,134.75999450683594,132.60000610351562,134.69000244140625,126.12838745117188,838400
2018-01-12,135.3300018310547,135.80999755859375,133.08999633789062,133.52000427246094,125.03272247314453,990100
2018-01-16,134.11000061035156,134.8699951171875,125.69999694824219,128.0,119.86360931396484,2879600
2018-01-17,129.1999969482422,129.4499969482422,126.0,126.94999694824219,118.88034057617188,2017000
2018-01-18,115.19999694824219,118.75,112.54000091552734,117.91000366210938,110.41499328613281,8622300
2018-01-19,118.9000015258789,119.4000015258789,115.5,116.01000213623047,108.6357650756836,4275100
2018-01-22,115.77999877929688,115.93000030517578,113.05999755859375,113.52999877929688,106.31340026855469,3648000
2018-01-23,114.30999755859375,115.0,112.12000274658203,113.0,105.81707763671875,2972100
2018-01-24,114.0,114.16000366210938,112.04000091552734,112.4000015258789,105.25523376464844,2727500
2018-01-25,112.66000366210938,116.94000244140625,112.66000366210938,116.9000015258789,109.46920013427734,2499800
2018-01-26,117.0,117.81999969482422,114.01000213623047,114.41000366210938,107.13748931884766,1916700
2018-01-29,114.2300033569336,114.45999908447266,111.30999755859375,111.68000030517578,104.58098602294922,2250800
2018-01-30,112.37999725341797,113.73999786376953,111.05000305175781,111.37000274658203,104.29070281982422,2146000
2018-01-31,111.8499984741211,112.08000183105469,110.25,111.58999633789062,104.49671173095703,2606200
2018-02-01,110.91999816894531,111.56999969482422,108.95999908447266,109.19999694824219,102.25863647460938,1961800
2018-02-02,108.5199966430664,109.12000274658203,104.91999816894531,105.51000213623047,98.80318450927734,2738600
2018-02-05,104.27999877929688,109.9000015258789,102.8499984741211,105.1500015258789,98.4660873413086,3838000
2018-02-06,103.51000213623047,108.5199966430664,103.30999755859375,107.54000091552734,100.70415496826172,2903900
2018-02-07,107.45999908447266,109.4800033569336,106.55999755859375,106.62999725341797,99.85199737548828,1668300
2018-02-08,106.94000244140625,108.69999694824219,105.13999938964844,105.18000030517578,98.4941635131836,2377500
2018-02-09,106.0,108.70999908447266,103.75,107.72000122070312,100.87271881103516,2573800
2018-02-12,109.27999877929688,112.1500015258789,109.01000213623047,111.58999633789062,104.49671173095703,2637100
2018-02-13,111.5999984741211,112.5999984741211,108.08000183105469,108.44999694824219,101.55631256103516,2763500
2018-02-14,107.18000030517578,112.16000366210938,106.62999725341797,111.72000122070312,104.61844635009766,2051700
2018-02-15,112.43000030517578,114.6500015258789,111.37999725341797,114.61000061035156,107.32476043701172,1760200
2018-02-16,114.36000061035156,114.58999633789062,111.95999908447266,112.23999786376953,105.10540008544922,1668900
2018-02-20,112.0,115.38999938964844,112.0,114.58000183105469,107.29663848876953,1431700
2018-02-21,115.3499984741211,116.5,112.87000274658203,113.01000213623047,105.82646942138672,1775000
2018-02-22,113.87999725341797,114.75,113.16000366210938,113.68000030517578,106.453857421875,1021900
2018-02-23,115.83999633789062,118.83000183105469,115.61000061035156,118.75,111.20159149169922,2142300
2018-02-26,114.3499984741211,114.9000015258789,107.12000274658203,110.0999984741211,103.10143280029297,7152000
2018-02-27,110.55999755859375,113.0999984741211,110.55999755859375,111.56999969482422,104.47798919677734,2665700
2018-02-28,112.5999984741211,112.9000015258789,98.93000030517578,100.43000030517578,94.04610443115234,6717200
2018-03-01,101.2699966430664,101.30999755859375,94.69999694824219,96.01000213623047,89.90706634521484,7170800
2018-03-02,95.69000244140625,95.8499984741211,90.48999786376953,95.0199966430664,88.97999572753906,5718000
2018-03-05,94.22000122070312,97.66000366210938,93.5,96.44000244140625,90.30974578857422,2503300
2018-03-06,98.4000015258789,100.88999938964844,97.79000091552734,100.13999938964844,93.77455139160156,3587400
2018-03-07,99.0,100.62000274658203,98.58000183105469,100.05000305175781,93.69029998779297,1567900
2018-03-08,100.16000366210938,101.3499984741211,98.6500015258789,99.27999877929688,92.96922302246094,1274400
2018-03-09,99.70999908447266,102.41999816894531,99.08000183105469,101.76000213623047,95.29157257080078,1510000
2018-03-12,101.98999786376953,103.97000122070312,101.5999984741211,102.98999786376953,96.44337463378906,1509000
2018-03-13,103.0,104.38999938964844,102.55000305175781,103.12999725341797,96.57449340820312,1373100
2018-03-14,103.12999725341797,104.30999755859375,100.0999984741211,100.33000183105469,94.25865936279297,1965700
2018-03-15,100.52999877929688,100.93000030517578,97.8499984741211,98.06999969482422,92.13541412353516,1506900
2018-03-16,97.91000366210938,98.80999755859375,96.5,98.37000274658203,92.41725158691406,2101800
2018-03-19,97.56999969482422,98.0,95.80999755859375,96.91000366210938,91.04560852050781,1186300
2018-03-20,96.95999908447266,96.95999908447266,94.0,95.31999969482422,89.55183410644531,3660000
2018-03-21,95.68000030517578,98.7699966430664,94.61000061035156,97.47000122070312,91.57171630859375,1780300
2018-03-22,96.30999755859375,97.69999694824219,94.05000305175781,94.11000061035156,88.41504669189453,1536200
2018-03-23,94.0,95.58000183105469,93.02999877929688,93.23999786376953,87.59767150878906,1356700
2018-03-26,94.56999969482422,95.33000183105469,93.13999938964844,94.36000061035156,88.64991760253906,1691600
2018-03-27,94.77999877929688,95.75,92.80999755859375,93.43000030517578,87.77619171142578,1644700
2018-03-28,93.43000030517578,93.83999633789062,89.27999877929688,89.55999755859375,84.14037322998047,2906300
2018-03-29,90.45999908447266,93.69000244140625,90.05000305175781,92.73999786376953,87.12796783447266,2275700
2018-04-02,92.05000305175781,92.44999694824219,88.62999725341797,88.95999908447266,83.57669067382812,1919800
2018-04-03,89.58000183105469,90.6500015258789,87.55999755859375,90.41999816894531,84.9483413696289,1883800
2018-04-04,87.77999877929688,91.63999938964844,86.75,91.5999984741211,86.05693054199219,2280800
2018-04-05,92.27999877929688,98.48999786376953,91.86000061035156,95.7699966430664,89.97459411621094,2884300
2018-04-06,94.51000213623047,95.62000274658203,91.2300033569336,91.80000305175781,86.24483489990234,2707900
2018-04-09,92.7699966430664,92.7699966430664,90.77999877929688,91.22000122070312,85.69993591308594,1161400
2018-04-10,92.87000274658203,93.62999725341797,91.68000030517578,92.33000183105469,86.74276733398438,1453300
2018-04-11,91.83999633789062,93.98999786376953,91.20999908447266,93.30999755859375,87.66343688964844,1072800
2018-04-12,93.6500015258789,94.08999633789062,92.31999969482422,93.38999938964844,87.73863220214844,1185400
2018-04-13,96.13999938964844,96.44000244140625,94.44000244140625,95.5,89.720947265625,1999300
2018-04-16,96.44999694824219,97.56999969482422,94.54000091552734,96.87000274658203,91.00804138183594,1415800
2018-04-17,97.63999938964844,97.95999908447266,95.83999633789062,96.62999725341797,90.78253936767578,1164200
2018-04-18,97.26000213623047,99.77999877929688,97.05000305175781,98.79000091552734,92.81184387207031,1145700
2018-04-19,99.0,99.69999694824219,96.91999816894531,98.58999633789062,92.62394714355469,1526400
2018-04-20,98.2300033569336,98.31999969482422,97.11000061035156,97.75,91.83477783203125,912300
2018-04-23,97.66999816894531,98.5,97.02999877929688,97.33999633789062,91.44957733154297,804900
2018-04-24,97.8499984741211,98.5,94.11000061035156,95.77999877929688,89.98399353027344,1328600
2018-04-25,95.80000305175781,96.22000122070312,94.4800033569336,95.45999908447266,89.68335723876953,870800
2018-04-26,95.83999633789062,97.30999755859375,94.55999755859375,96.55000305175781,90.7073974609375,1030400
2018-04-27,96.41000366210938,97.66000366210938,96.13999938964844,96.94999694824219,91.08316802978516,857100
2018-04-30,96.95999908447266,98.83999633789062,96.70999908447266,96.95999908447266,91.09255981445312,1441900
2018-05-01,96.2699966430664,97.62000274658203,95.66000366210938,97.62000274658203,91.71263122558594,1221600
2018-05-02,97.5999984741211,99.7699966430664,97.55999755859375,97.83999633789062,91.91931915283203,1398300
2018-05-03,97.8499984741211,99.23999786376953,96.51000213623047,97.88999938964844,91.96630859375,1384000
2018-05-04,97.61000061035156,100.77999877929688,97.5199966430664,100.05999755859375,94.0049819946289,1294300
2018-05-07,100.11000061035156,102.37999725341797,99.69000244140625,100.11000061035156,94.05194091796875,1388200
2018-05-08,100.0,101.38999938964844,99.5,100.72000122070312,94.62503814697266,1680600
2018-05-09,101.72000122070312,102.7699966430664,100.16999816894531,101.75,95.59272766113281,1934900
2018-05-10,101.45999908447266,101.88999938964844,96.63999938964844,98.38999938964844,92.43603515625,3860700
2018-05-11,98.0,99.02999877929688,97.76000213623047,98.54000091552734,92.57696533203125,1683200
2018-05-14,99.30000305175781,101.12999725341797,98.9800033569336,99.23999786376953,93.23458862304688,1525200
2018-05-15,99.08000183105469,101.75,98.02999877929688,100.80999755859375,94.70958709716797,1728400
2018-05-16,101.1500015258789,102.9000015258789,101.06999969482422,102.3499984741211,96.15641784667969,1545800
2018-05-17,102.62000274658203,105.87000274658203,102.5,104.80000305175781,98.4581527709961,2770400
2018-05-18,105.0,106.30000305175781,104.1500015258789,104.91999816894531,98.5708999633789,2305800
2018-05-21,105.5,106.4000015258789,103.51000213623047,104.06999969482422,97.77232360839844,1853900
2018-05-22,104.54000091552734,105.13999938964844,102.12999725341797,102.33999633789062,96.14702606201172,1034200
2018-05-23,101.33999633789062,102.25,100.80000305175781,101.83999633789062,95.67726135253906,907200
2018-05-24,99.58000183105469,99.97000122070312,94.94999694824219,95.0199966430664,89.26997375488281,3516900
2018-05-25,94.4000015258789,95.30999755859375,93.37000274658203,94.81999969482422,89.08209991455078,1741900
2018-05-29,94.58000183105469,94.79000091552734,92.61000061035156,93.02999877929688,87.40039825439453,1612200
2018-05-30,93.58999633789062,94.44999694824219,93.0,93.58999633789062,87.92649841308594,1241000
2018-05-31,93.55999755859375,94.31999969482422,93.25,93.47000122070312,87.81377410888672,1430000
2018-06-01,93.5,95.08000183105469,93.5,94.26000213623047,88.55596923828125,1242800
2018-06-04,94.56999969482422,95.0,93.83000183105469,94.44000244140625,88.72509765625,962300
2018-06-05,94.5,95.33999633789062,94.29000091552734,94.6500015258789,88.92236328125,973300
2018-06-06,94.80000305175781,95.68000030517578,93.94999694824219,95.66999816894531,89.88064575195312,1738000
2018-06-07,95.63999938964844,96.43000030517578,94.69000244140625,95.22000122070312,89.45787811279297,887500
2018-06-08,95.19999694824219,95.80000305175781,94.63999938964844,95.37000274658203,89.59879302978516,1044200
2018-06-11,95.44999694824219,96.37999725341797,94.62999725341797,95.37000274658203,89.59879302978516,815800
2018-06-12,97.11000061035156,97.75,95.36000061035156,95.73999786376953,89.9464111328125,1584600
2018-06-13,95.83000183105469,96.02999877929688,94.0999984741211,94.18000030517578,88.48078918457031,1598200
2018-06-14,94.19000244140625,94.97000122070312,93.3499984741211,93.66000366210938,88.306396484375,1148200
2018-06-15,93.12999725341797,93.62000274658203,92.19999694824219,93.33000183105469,87.99525451660156,1698900
2018-06-18,93.11000061035156,93.13999938964844,92.27999877929688,92.87000274658203,87.5615463256836,1675600
2018-06-19,91.80999755859375,91.87000274658203,90.23999786376953,91.4000015258789,86.17557525634766,1841100
2018-06-20,92.08000183105469,92.62999725341797,91.30999755859375,91.61000061035156,86.3735580444336,1333700
2018-06-21,91.41000366210938,92.55999755859375,91.25,91.97000122070312,86.7130126953125,1319600
2018-06-22,92.37999725341797,93.62000274658203,92.16000366210938,93.45999908447266,88.1178207397461,1380200
2018-06-25,93.6500015258789,94.97000122070312,91.29000091552734,91.95999908447266,86.70357513427734,1414900
2018-06-26,92.33000183105469,93.0999984741211,91.88999938964844,92.5199966430664,87.2315444946289,1070700
2018-06-27,93.73999786376953,96.33000183105469,93.2699966430664,93.41000366210938,88.0706787109375,1967800
2018-06-28,93.25,93.76000213623047,92.5,93.63999938964844,88.28753662109375,943700
2018-06-29,94.12999725341797,96.94999694824219,93.80000305175781,94.33000183105469,88.93809509277344,1768400
2018-07-02,93.94000244140625,94.79000091552734,92.9800033569336,93.4800033569336,88.13668823242188,1182400
2018-07-03,96.66000366210938,97.81999969482422,95.87999725341797,96.62000274658203,91.09719848632812,1726500
2018-07-05,96.87999725341797,97.37000274658203,93.30000305175781,94.77999877929688,89.36236572265625,1850900
2018-07-06,94.37999725341797,96.2699966430664,93.83999633789062,95.54000091552734,90.07893371582031,1171900
2018-07-09,95.75,96.5199966430664,95.4800033569336,95.9800033569336,90.4937744140625,1003600
2018-07-10,95.9800033569336,96.83999633789062,95.04000091552734,95.80999755859375,90.33349609375,1124600
2018-07-11,95.0,95.20999908447266,94.0999984741211,94.68000030517578,89.26807403564453,1173300
2018-07-12,95.97000122070312,96.29000091552734,94.87000274658203,95.3499984741211,89.8997802734375,996500
2018-07-13,95.5,96.0,94.86000061035156,95.56999969482422,90.10721588134766,847300
2018-07-16,95.48999786376953,95.70999908447266,94.66999816894531,94.95999908447266,89.53208923339844,2343000
2018-07-17,94.8499984741211,97.29000091552734,94.5,96.97000122070312,91.42719268798828,1103900
2018-07-18,96.91000366210938,97.86000061035156,96.05999755859375,96.73999786376953,91.21034240722656,1394600
2018-07-19,95.98999786376953,96.55000305175781,95.04000091552734,96.20999908447266,90.71063232421875,976000
2018-07-20,95.66000366210938,95.70999908447266,93.55999755859375,93.9000015258789,88.53265380859375,1803800
2018-07-23,93.73999786376953,93.73999786376953,90.0199966430664,90.91999816894531,85.72300720214844,2490600
2018-07-24,91.83999633789062,92.43000030517578,90.66000366210938,90.9000015258789,85.70413970947266,1318400
2018-07-25,90.54000091552734,91.93000030517578,90.30999755859375,91.79000091552734,86.54325866699219,1115600
2018-07-26,91.9000015258789,93.43000030517578,91.12999725341797,93.05999755859375,87.74068450927734,1209000
2018-07-27,93.2699966430664,94.13999938964844,92.01000213623047,93.26000213623047,87.92923736572266,889900
2018-07-30,93.26000213623047,93.26000213623047,91.62000274658203,92.41999816894531,87.13725280761719,1272200
2018-07-31,92.62999725341797,94.52999877929688,92.30999755859375,94.19999694824219,88.81549835205078,989500
2018-08-01,94.0,94.16000366210938,90.08999633789062,91.01000213623047,85.807861328125,1763100
2018-08-02,90.6500015258789,92.36000061035156,90.08000183105469,92.0199966430664,86.76011657714844,1494900
2018-08-03,92.26000213623047,92.91000366210938,91.80999755859375,92.61000061035156,87.31639862060547,786700
2018-08-06,92.30000305175781,92.93000030517578,91.87999725341797,92.66000366210938,87.3635482788086,1110100
2018-08-07,93.0,93.7300033569336,92.5999984741211,92.80999755859375,87.50495910644531,1603600
2018-08-08,97.41000366210938,100.48999786376953,96.5199966430664,98.7699966430664,93.12430572509766,5215100
2018-08-09,99.1500015258789,103.11000061035156,98.62000274658203,100.76000213623047,95.00054931640625,3463900
2018-08-10,100.05000305175781,100.80000305175781,98.20999908447266,98.5,92.8697280883789,1340100
2018-08-13,98.12999725341797,98.41999816894531,95.55000305175781,95.62999725341797,90.16377258300781,2108700
2018-08-14,95.75,97.41999816894531,95.5999984741211,97.33000183105469,91.7666015625,1152900
2018-08-15,96.16999816894531,96.69999694824219,93.54000091552734,95.54000091552734,90.07893371582031,1930600
2018-08-16,96.48999786376953,98.1500015258789,96.48999786376953,97.05999755859375,91.51203155517578,1116900
2018-08-17,96.61000061035156,96.72000122070312,94.27999877929688,95.44000244140625,89.98464965820312,1334900
2018-08-20,95.5999984741211,96.33000183105469,95.31999969482422,95.54000091552734,90.07893371582031,1129700
2018-08-21,95.47000122070312,95.61000061035156,94.44000244140625,94.83999633789062,89.4189453125,1384300
2018-08-22,95.0,95.3499984741211,94.30000305175781,94.52999877929688,89.12666320800781,1236100
2018-08-23,94.5,94.5999984741211,92.41000366210938,93.7699966430664,88.41009521484375,3337400
2018-08-24,94.26000213623047,96.9800033569336,94.0,96.0,90.51261901855469,1612700
2018-08-27,96.30000305175781,97.98999786376953,96.0999984741211,96.88999938964844,91.35176086425781,883900
2018-08-28,96.94000244140625,98.11000061035156,96.37999725341797,96.94000244140625,91.39891815185547,1058300
2018-08-29,96.80000305175781,97.22000122070312,95.58000183105469,96.72000122070312,91.19147491455078,753800
2018-08-30,96.19000244140625,96.45999908447266,94.55999755859375,95.05000305175781,89.61692810058594,985200
2018-08-31,94.70999908447266,96.43000030517578,94.44999694824219,95.5199966430664,90.06007385253906,762900
2018-09-04,97.0,97.58000183105469,95.01000213623047,96.56999969482422,91.05004119873047,1488400
2018-09-05,96.56999969482422,96.86000061035156,95.05999755859375,96.44999694824219,90.93690490722656,1333800
2018-09-06,96.69000244140625,98.48999786376953,96.63999938964844,97.66000366210938,92.0777359008789,1355700
2018-09-07,96.9000015258789,97.97000122070312,95.77999877929688,97.19000244140625,91.6346206665039,1280100
2018-09-10,97.41999816894531,97.91999816894531,96.83000183105469,97.38999938964844,91.82317352294922,1227000
2018-09-11,97.08000183105469,99.45999908447266,96.38999938964844,98.83999633789062,93.1903076171875,1536400
2018-09-12,98.81999969482422,100.08000183105469,98.1500015258789,99.45999908447266,93.77485656738281,1221000
2018-09-13,99.86000061035156,101.23999786376953,99.5999984741211,100.61000061035156,95.1797103881836,1415100
2018-09-14,100.87000274658203,101.55000305175781,99.47000122070312,100.9000015258789,95.45404815673828,1250400
2018-09-17,100.9000015258789,103.48999786376953,100.62999725341797,102.44999694824219,96.92039489746094,1769500
2018-09-18,102.44999694824219,103.18000030517578,101.2300033569336,103.05999755859375,97.49746704101562,1301500
2018-09-19,103.3499984741211,106.3499984741211,103.33999633789062,105.48999786376953,99.79630279541016,1644800
2018-09-20,105.5999984741211,107.0,105.41000366210938,106.5999984741211,100.84642028808594,1523400
2018-09-21,106.97000122070312,107.41999816894531,104.54000091552734,105.41999816894531,99.73011016845703,2066900
2018-09-24,105.13999938964844,106.0999984741211,104.45999908447266,104.94000244140625,99.2760238647461,1230600
2018-09-25,105.30000305175781,105.44999694824219,102.31999969482422,102.52999877929688,96.9960708618164,1454700
2018-09-26,102.08000183105469,102.58000183105469,101.12999725341797,101.31999969482422,95.85140228271484,1491500
2018-09-27,101.41000366210938,101.76000213623047,99.7300033569336,100.94999694824219,95.5013656616211,1079100
2018-09-28,100.73999786376953,101.16000366210938,99.72000122070312,99.77999877929688,94.39452362060547,1421000
2018-10-01,100.66999816894531,101.12999725341797,100.0999984741211,100.83999633789062,95.39729309082031,758200
2018-10-02,101.13999938964844,102.01000213623047,100.56999969482422,101.8499984741211,96.35277557373047,1035500
2018-10-03,102.02999877929688,105.0,101.7699966430664,104.04000091552734,98.4245834350586,1352400
2018-10-04,104.0,104.70999908447266,102.61000061035156,104.22000122070312,98.59486389160156,1168100
2018-10-05,104.16000366210938,105.25,101.97000122070312,103.05999755859375,97.49746704101562,1521000
2018-10-08,102.12999725341797,102.5199966430664,100.52999877929688,102.25,96.73119354248047,2145400
2018-10-09,101.19999694824219,101.19999694824219,96.97000122070312,97.27999877929688,92.02943420410156,2716200
2018-10-10,97.23999786376953,97.3499984741211,95.4800033569336,95.66999816894531,90.50633239746094,1833300
2018-10-11,94.5999984741211,96.4000015258789,94.02999877929688,94.36000061035156,89.26703643798828,1614000
2018-10-12,95.58000183105469,96.12000274658203,94.11000061035156,95.08999633789062,89.95764923095703,1048200
2018-10-15,95.16000366210938,96.70999908447266,95.0999984741211,96.05000305175781,90.86582946777344,759200
2018-10-16,96.47000122070312,97.41999816894531,95.4000015258789,97.13999938964844,91.8969955444336,993400
2018-10-17,96.4800033569336,97.36000061035156,96.08999633789062,96.31999969482422,91.12125396728516,1183100
2018-10-18,96.23999786376953,96.8499984741211,94.55000305175781,95.66999816894531,90.50633239746094,1202400
2018-10-19,95.55999755859375,96.29000091552734,95.06999969482422,95.62999725341797,90.4684829711914,880100
2018-10-22,96.2699966430664,98.0199966430664,95.37999725341797,97.26000213623047,92.01051330566406,1317800
2018-10-23,95.62999725341797,96.77999877929688,93.76000213623047,96.16000366210938,90.96988677978516,1497800
2018-10-24,96.2699966430664,96.41000366210938,93.4800033569336,93.63999938964844,88.58590698242188,1538100
2018-10-25,94.37000274658203,95.56999969482422,93.68000030517578,95.41000366210938,90.2603759765625,1135900
2018-10-26,94.01000213623047,95.7699966430664,92.6500015258789,95.23999786376953,90.09954833984375,1621200
2018-10-29,96.5,97.9000015258789,93.95999908447266,95.16000366210938,90.02386474609375,1448600
2018-10-30,95.0,97.37000274658203,93.68000030517578,97.12000274658203,91.8780746459961,1305700
2018-10-31,98.08999633789062,100.25,97.87999725341797,99.22000122070312,93.86473083496094,2166800
2018-11-01,100.37999725341797,105.83999633789062,100.0,105.41999816894531,99.73011016845703,2981900
2018-11-02,105.80999755859375,108.47000122070312,105.58999633789062,106.44000244140625,100.69503021240234,1710800
2018-11-05,106.12000274658203,106.8499984741211,104.98999786376953,106.20999908447266,100.47745513916016,829800
2018-11-06,106.25,107.88999938964844,106.0999984741211,107.79000091552734,101.97218322753906,1222100
2018-11-07,108.0,108.73999786376953,106.66000366210938,107.98999786376953,102.16136932373047,1751800
2018-11-08,104.30000305175781,107.0,101.5999984741211,105.87000274658203,100.15580749511719,2643900
2018-11-09,104.0,104.5,100.48999786376953,102.37999725341797,96.85416412353516,1455000
2018-11-12,102.26000213623047,102.27999877929688,97.94999694824219,98.06999969482422,92.77680206298828,1241600
2018-11-13,98.37999725341797,100.93000030517578,98.33000183105469,99.19999694824219,93.84581756591797,1453900
2018-11-14,100.0,101.0199966430664,99.47000122070312,99.94000244140625,94.54586029052734,785700
2018-11-15,99.7300033569336,103.37000274658203,99.06999969482422,102.69999694824219,97.1568832397461,1139600
2018-11-16,102.0999984741211,102.79000091552734,99.86000061035156,100.9800033569336,95.52974700927734,1379700
2018-11-19,100.63999938964844,102.19999694824219,99.30999755859375,99.61000061035156,94.23367309570312,981100
2018-11-20,97.86000061035156,98.13999938964844,95.04000091552734,95.73999786376953,90.57255554199219,1643800
2018-11-21,96.01000213623047,96.66999816894531,93.29000091552734,95.5199966430664,90.36443328857422,1202700
2018-11-23,94.94999694824219,98.08000183105469,94.62000274658203,96.7699966430664,91.54693603515625,482900
2018-11-26,97.33999633789062,98.01000213623047,95.88999938964844,96.61000061035156,91.39559173583984,977600
2018-11-27,95.66000366210938,96.94999694824219,94.62000274658203,95.43000030517578,90.27928161621094,1014200
2018-11-28,95.1500015258789,96.69000244140625,94.02999877929688,96.62000274658203,91.40506744384766,1093400
2018-11-29,96.69999694824219,96.87000274658203,94.38999938964844,96.41999816894531,91.21585845947266,894300
2018-11-30,96.0,97.29000091552734,95.22000122070312,96.31999969482422,91.12125396728516,1037800
2018-12-03,98.58999633789062,100.36000061035156,97.5999984741211,98.45999908447266,93.14573669433594,1698000
2018-12-04,98.18000030517578,99.81999969482422,93.01000213623047,93.19000244140625,88.16020202636719,2421500
2018-12-06,92.04000091552734,92.04000091552734,88.0199966430664,91.19000244140625,86.26814270019531,2034900
2018-12-07,91.31999969482422,92.2300033569336,88.08000183105469,88.6500015258789,83.865234375,1523500
2018-12-10,88.9800033569336,89.80999755859375,87.25,89.04000091552734,84.23417663574219,1088000
2018-12-11,91.02999877929688,92.08999633789062,88.70999908447266,89.08000183105469,84.27203369140625,1060200
2018-12-12,90.2699966430664,90.54000091552734,88.70999908447266,88.77999877929688,83.98821258544922,973000
2018-12-13,88.5999984741211,89.0999984741211,87.22000122070312,87.94000244140625,83.50868225097656,955700
2018-12-14,87.06999969482422,87.63999938964844,84.01000213623047,84.97000122070312,80.68831634521484,1719900
2018-12-17,84.52999877929688,84.61000061035156,79.69999694824219,80.51000213623047,76.45305633544922,2762400
2018-12-18,81.22000122070312,82.66999816894531,80.63999938964844,81.02999877929688,76.94686889648438,1690000
2018-12-19,81.33000183105469,82.63999938964844,79.06999969482422,79.80000305175781,75.77883911132812,1764700
2018-12-20,77.55999755859375,78.13999938964844,73.66999816894531,76.16000366210938,72.32227325439453,4684500
2018-12-21,76.33000183105469,77.66000366210938,74.5999984741211,74.83999633789062,71.06875610351562,2776000
2018-12-24,73.95999908447266,74.83000183105469,72.44000244140625,73.12999725341797,69.4449462890625,870200
2018-12-26,73.43000030517578,76.30999755859375,71.88999938964844,76.27999877929688,72.43620300292969,1500300
2018-12-27,75.27999877929688,77.30999755859375,74.0,77.22000122070312,73.32884979248047,1657000
2018-12-28,77.58000183105469,78.38999938964844,76.11000061035156,76.73999786376953,72.8730239868164,1202500
2018-12-31,77.0,77.75,76.02999877929688,77.06999969482422,73.18641662597656,1040100
2019-01-02,75.80000305175781,79.02999877929688,75.12999725341797,78.11000061035156,74.17401123046875,1052300
2019-01-03,76.8499984741211,76.87999725341797,72.58000183105469,72.69000244140625,69.0271224975586,1968100
2019-01-04,74.56999969482422,77.27999877929688,74.37000274658203,76.23999786376953,72.39822387695312,2089500
2019-01-07,76.29000091552734,77.13999938964844,75.3499984741211,76.58000183105469,72.72109985351562,1413300
2019-01-08,77.27999877929688,77.70999908447266,76.5999984741211,77.33000183105469,73.43331146240234,1622800
2019-01-09,77.77999877929688,78.08000183105469,75.93000030517578,76.83999633789062,72.96800231933594,1113900
2019-01-10,76.2300033569336,77.9800033569336,75.54000091552734,77.2699966430664,73.37633514404297,1929400
2019-01-11,76.72000122070312,77.8499984741211,75.37000274658203,77.41000366210938,73.50926971435547,1526200
2019-01-14,76.5999984741211,77.4800033569336,76.08999633789062,76.97000122070312,73.0914535522461,1374900
2019-01-15,74.97000122070312,76.0199966430664,73.12999725341797,73.63999938964844,69.92924499511719,2128200
2019-01-16,73.91999816894531,74.93000030517578,73.5,73.93000030517578,70.20462799072266,2634300
2019-01-17,73.83999633789062,75.7300033569336,73.55000305175781,75.29000091552734,71.49609375,2020800
2019-01-18,75.83000183105469,77.25,75.7699966430664,76.62999725341797,72.7685775756836,1457300
2019-01-22,75.48999786376953,75.70999908447266,74.0999984741211,75.37000274658203,71.57206726074219,1435800
2019-01-23,75.63999938964844,75.83999633789062,73.4800033569336,73.91999816894531,70.19513702392578,1271100
2019-01-24,73.97000122070312,75.19000244140625,73.6500015258789,74.0199966430664,70.29010009765625,1660300
2019-01-25,75.77999877929688,77.36000061035156,75.58999633789062,76.58000183105469,72.72109985351562,2234900
2019-01-28,76.2300033569336,77.54000091552734,76.0199966430664,77.08999633789062,73.20539093017578,1273500
2019-01-29,77.48999786376953,78.77999877929688,77.48999786376953,78.31999969482422,74.37342071533203,1815100
2019-01-30,79.08999633789062,80.47000122070312,78.3499984741211,80.20999908447266,76.16820526123047,1592500
2019-01-31,80.73999786376953,81.55000305175781,79.5999984741211,80.7300033569336,76.6619873046875,1971400
2019-02-01,80.88999938964844,81.88999938964844,80.51000213623047,81.30000305175781,77.20326232910156,969200
2019-02-04,81.30000305175781,82.0,80.97000122070312,81.94000244140625,77.81100463867188,885100
2019-02-05,81.25,81.94000244140625,80.13999938964844,81.31999969482422,77.22225952148438,1410600
2019-02-06,80.93000030517578,82.87999725341797,80.8499984741211,82.19000244140625,78.04841613769531,1154500
2019-02-07,81.37000274658203,81.77999877929688,79.29000091552734,80.63999938964844,76.57649993896484,1222800
2019-02-08,79.83000183105469,81.02999877929688,79.5199966430664,81.01000213623047,76.9278793334961,712500
2019-02-11,81.56999969482422,81.88999938964844,80.30999755859375,80.86000061035156,76.78543853759766,659900
2019-02-12,80.33999633789062,80.88999938964844,78.41999816894531,80.44999694824219,76.3960952758789,1947500
2019-02-13,81.0199966430664,82.16000366210938,80.95999908447266,81.7300033569336,77.6115951538086,886600
2019-02-14,81.41000366210938,81.86000061035156,80.4000015258789,80.41999816894531,76.36760711669922,1362500
2019-02-15,81.80000305175781,81.80000305175781,80.33000183105469,81.37000274658203,77.2697525024414,1549800
2019-02-19,81.05000305175781,83.47000122070312,80.41999816894531,83.12999725341797,78.94102478027344,1616100
2019-02-20,83.31999969482422,84.16999816894531,82.73999786376953,82.80999755859375,78.63715362548828,1770900
2019-02-21,88.58999633789062,92.0,85.83000183105469,89.26000213623047,84.76215362548828,5503500
2019-02-22,89.83000183105469,89.9000015258789,88.01000213623047,89.18000030517578,84.68616485595703,1511000
2019-02-25,89.98999786376953,92.0,89.94000244140625,91.56999969482422,86.95574951171875,1607600
2019-02-26,91.22000122070312,92.29000091552734,90.86000061035156,91.0,86.41445922851562,1265400
2019-02-27,91.01000213623047,93.13999938964844,90.6500015258789,92.27999877929688,87.62996673583984,1128300
2019-02-28,92.18000030517578,92.18000030517578,90.91000366210938,91.29000091552734,86.68986511230469,1338800
2019-03-01,92.0,92.4800033569336,90.61000061035156,90.79000091552734,86.21504211425781,1320900
2019-03-04,91.0,91.0,87.0999984741211,88.48999786376953,84.03095245361328,1691500
2019-03-05,88.3499984741211,88.66000366210938,87.37000274658203,87.93000030517578,83.49917602539062,960800
2019-03-06,87.94999694824219,88.2300033569336,86.16000366210938,86.37000274658203,82.01778411865234,754600
2019-03-07,85.7300033569336,86.0,83.95999908447266,84.5999984741211,80.33696746826172,1296800
2019-03-08,83.13999938964844,83.23999786376953,80.80000305175781,82.97000122070312,78.78910827636719,1779500
2019-03-11,83.37000274658203,85.5199966430664,83.0999984741211,85.51000213623047,81.20110321044922,1016000
2019-03-12,85.86000061035156,86.12999725341797,85.04000091552734,85.47000122070312,81.16313171386719,850400
2019-03-13,86.02999877929688,86.86000061035156,85.62000274658203,86.20999908447266,81.86585998535156,1013400
2019-03-14,85.83000183105469,86.19999694824219,84.58000183105469,84.7300033569336,80.80535125732422,787300
2019-03-15,85.06999969482422,86.0,85.06999969482422,85.41999816894531,81.46337890625,1498800
2019-03-18,85.58999633789062,86.44000244140625,85.0,86.43000030517578,82.42660522460938,759800
2019-03-19,87.3499984741211,87.3499984741211,84.87999725341797,85.2300033569336,81.28218078613281,891600
2019-03-20,85.25,85.33999633789062,83.91000366210938,84.44000244140625,80.52877807617188,734500
2019-03-21,84.44000244140625,86.11000061035156,84.26000213623047,85.51000213623047,81.54920196533203,916900
2019-03-22,85.0,85.38999938964844,82.51000213623047,82.72000122070312,78.88844299316406,890500
2019-03-25,82.13999938964844,82.25,80.8499984741211,81.58000183105469,77.80126190185547,1013400
2019-03-26,81.81999969482422,82.87000274658203,80.38999938964844,81.04000091552734,77.28626251220703,1568200
2019-03-27,81.05000305175781,81.3499984741211,79.80000305175781,80.1500015258789,76.4375,1091900
2019-03-28,80.0,81.41999816894531,79.80000305175781,81.16999816894531,77.41024017333984,975000
2019-03-29,81.31999969482422,82.37000274658203,80.80999755859375,81.9800033569336,78.18273162841797,1794400
2019-04-01,82.43000030517578,84.55999755859375,82.43000030517578,84.19999694824219,80.29989624023438,1439100
2019-04-02,84.37000274658203,84.5,82.0199966430664,82.9000015258789,79.06012725830078,1782900
2019-04-03,83.72000122070312,84.55000305175781,83.38999938964844,84.20999908447266,80.30943298339844,1976500
2019-04-04,84.44999694824219,85.9800033569336,84.12000274658203,85.55000305175781,81.58736419677734,1544500
2019-04-05,85.86000061035156,86.62999725341797,85.41999816894531,86.13999938964844,82.15003967285156,1424500
2019-04-08,86.19999694824219,86.94999694824219,85.77999877929688,86.94000244140625,82.91297912597656,964300
2019-04-09,86.70999908447266,86.88999938964844,84.66999816894531,84.77999877929688,80.85301971435547,1484000
2019-04-10,84.87999725341797,85.80000305175781,84.13999938964844,85.55000305175781,81.58736419677734,821500
2019-04-11,85.19999694824219,85.30000305175781,82.62999725341797,82.70999908447266,78.87891387939453,1404700
2019-04-12,83.08000183105469,84.25,82.73999786376953,83.66000366210938,79.78491973876953,1090200
2019-04-15,83.58000183105469,83.62999725341797,81.98999786376953,82.26000213623047,78.44974517822266,1352400
2019-04-16,82.52999877929688,83.44999694824219,82.11000061035156,83.20999908447266,79.35574340820312,1399300
2019-04-17,83.86000061035156,85.20999908447266,82.0999984741211,82.0999984741211,78.29717254638672,1357500
2019-04-18,82.18000030517578,82.6500015258789,81.19000244140625,82.56999969482422,78.74540710449219,790800
2019-04-22,82.45999908447266,82.56999969482422,81.55999755859375,82.16999816894531,78.36389923095703,576400
2019-04-23,81.63999938964844,81.63999938964844,77.63999938964844,79.05000305175781,75.3884506225586,2307300
2019-04-24,79.0999984741211,79.68000030517578,76.68000030517578,76.80000305175781,73.24267578125,1653900
2019-04-25,76.5999984741211,76.75,74.80000305175781,74.87000274658203,71.40206909179688,1545300
2019-04-26,74.69999694824219,75.86000061035156,73.56999969482422,75.55999755859375,72.06009674072266,1622300
2019-04-29,75.5,76.11000061035156,74.70999908447266,75.70999908447266,72.20315551757812,1191800
2019-04-30,75.8499984741211,76.30999755859375,74.93000030517578,75.05999755859375,71.58325958251953,1239900
2019-05-01,75.0,75.4000015258789,73.95999908447266,74.06999969482422,70.63910675048828,1045500
2019-05-02,73.87999725341797,76.16999816894531,73.25,76.08999633789062,72.56554412841797,2306400
2019-05-03,76.7699966430664,77.4000015258789,76.30999755859375,77.05000305175781,73.4810791015625,1515800
2019-05-06,75.66000366210938,77.22000122070312,75.08999633789062,77.05000305175781,73.4810791015625,1968300
2019-05-07,76.5199966430664,76.8499984741211,75.0999984741211,75.8499984741211,72.336669921875,2447500
2019-05-08,72.02999877929688,73.4800033569336,71.2300033569336,72.58000183105469,69.21813201904297,3919100
2019-05-09,71.54000091552734,73.11000061035156,69.01000213623047,72.61000061035156,69.24674987792969,3164500
2019-05-10,72.7300033569336,73.05999755859375,70.19999694824219,72.62999725341797,69.26580810546875,2037100
2019-05-13,71.27999877929688,71.48999786376953,68.44999694824219,68.55000305175781,65.37480926513672,3315500
2019-05-14,68.86000061035156,70.55999755859375,68.76000213623047,70.22000122070312,66.96744537353516,1605800
2019-05-15,69.27999877929688,70.66999816894531,69.04000091552734,69.58000183105469,66.35709381103516,2012600
2019-05-16,70.0999984741211,70.41000366210938,69.22000122070312,69.41000366210938,66.1949691772461,1497200
2019-05-17,68.73999786376953,68.98999786376953,67.5999984741211,67.76000213623047,64.62138366699219,1406300
2019-05-20,67.55000305175781,68.16999816894531,67.05999755859375,67.77999877929688,64.64045715332031,1206300
2019-05-21,68.08999633789062,69.41000366210938,67.9000015258789,68.5,65.32711029052734,1100100
2019-05-22,68.08000183105469,68.61000061035156,67.86000061035156,67.95999908447266,64.81212615966797,734100
2019-05-23,66.5,67.22000122070312,65.9800033569336,66.33999633789062,63.26715850830078,2144900
2019-05-24,66.97000122070312,67.43000030517578,66.08000183105469,66.80000305175781,63.70585250854492,1544400
2019-05-28,67.06999969482422,67.80000305175781,66.5999984741211,67.43000030517578,64.30667877197266,1514500
2019-05-29,66.5,66.91999816894531,65.45999908447266,65.80000305175781,62.75217056274414,1783800
2019-05-30,65.5999984741211,66.5,65.30000305175781,65.56999969482422,62.532833099365234,1167400
2019-05-31,65.0,65.0,63.130001068115234,63.29999923706055,60.36797332763672,1593200
2019-06-03,63.209999084472656,65.12999725341797,63.099998474121094,65.05000305175781,62.03691482543945,2087900
2019-06-04,65.43000030517578,67.56999969482422,65.43000030517578,67.54000091552734,64.41158294677734,1452700
2019-06-05,68.30999755859375,68.30999755859375,66.13999938964844,67.37000274658203,64.24944305419922,1044400
2019-06-06,67.13999938964844,68.54000091552734,67.04000091552734,68.45999908447266,65.2889633178711,1177000
2019-06-07,68.97000122070312,69.63999938964844,68.25,69.08000183105469,65.88025665283203,1311800
2019-06-10,69.83000183105469,71.16000366210938,69.6500015258789,70.93000030517578,67.64456176757812,1278800
2019-06-11,72.23999786376953,73.8499984741211,71.7300033569336,73.43000030517578,70.02875518798828,2485400
2019-06-12,73.37000274658203,73.94000244140625,72.01000213623047,72.18000030517578,68.83665466308594,1366300
2019-06-13,72.0999984741211,72.77999877929688,71.5199966430664,72.76000213623047,69.7453842163086,920600
2019-06-14,72.7300033569336,72.8499984741211,70.54000091552734,70.87999725341797,67.94327545166016,966800
2019-06-17,70.69000244140625,71.86000061035156,69.7699966430664,71.23999786376953,68.2883529663086,1008100
2019-06-18,71.83999633789062,72.47000122070312,70.7300033569336,70.7699966430664,67.83782196044922,1230200
2019-06-19,71.12000274658203,71.16999816894531,68.16999816894531,68.94000244140625,66.08366394042969,1805400
2019-06-20,69.91999816894531,70.18000030517578,68.19999694824219,69.48999786376953,66.6108627319336,1999900
2019-06-21,69.01000213623047,69.12999725341797,67.25,68.33999633789062,65.50850677490234,1889800
2019-06-24,68.2699966430664,68.86000061035156,67.58000183105469,68.01000213623047,65.19217681884766,988000
2019-06-25,68.1500015258789,68.43000030517578,67.5199966430664,67.79000091552734,64.9813003540039,1372700
2019-06-26,68.22000122070312,69.4000015258789,68.01000213623047,69.16000366210938,66.2945327758789,1252100
2019-06-27,69.61000061035156,70.97000122070312,69.44000244140625,69.5199966430664,66.6396255493164,778900
2019-06-28,70.0,70.93000030517578,68.37000274658203,70.41000366210938,67.49275207519531,2059500
2019-07-01,71.19999694824219,71.79000091552734,69.73999786376953,70.33000183105469,67.41606140136719,932000
2019-07-02,70.68000030517578,70.68000030517578,69.4000015258789,69.87000274658203,66.9751205444336,682500
2019-07-03,70.19000244140625,71.5999984741211,69.87000274658203,71.54000091552734,68.57592010498047,626300
2019-07-05,71.25,71.33000183105469,69.97000122070312,70.51000213623047,67.5886001586914,732900
2019-07-08,70.43000030517578,71.12000274658203,69.55000305175781,70.19000244140625,67.2818603515625,787900
2019-07-09,69.75,70.63999938964844,69.52999877929688,70.62000274658203,67.69403839111328,926300
2019-07-10,70.93000030517578,70.93000030517578,69.80999755859375,70.48999786376953,67.56942749023438,1376500
2019-07-11,70.3499984741211,70.91999816894531,70.12000274658203,70.58000183105469,67.65569305419922,813300
2019-07-12,70.80000305175781,72.80999755859375,70.55999755859375,72.62999725341797,69.62076568603516,1272600
2019-07-15,72.83999633789062,73.01000213623047,71.05999755859375,72.41999816894531,69.41947174072266,975400
2019-07-16,72.0,73.2300033569336,71.47000122070312,73.05000305175781,70.02336883544922,1188200
2019-07-17,73.0199966430664,73.05000305175781,71.7300033569336,72.63999938964844,69.63034057617188,1101700
2019-07-18,72.4800033569336,73.4000015258789,72.37999725341797,73.0,69.97544860839844,736700
2019-07-19,73.26000213623047,75.16999816894531,73.01000213623047,74.47000122070312,71.38453674316406,1455300
2019-07-22,74.55000305175781,75.33000183105469,73.08000183105469,73.18000030517578,70.14796447753906,1548900
2019-07-23,73.76000213623047,74.79000091552734,73.26000213623047,74.58000183105469,71.4899673461914,818700
2019-07-24,74.3499984741211,75.91999816894531,74.06999969482422,75.52999877929688,72.4006118774414,856800
2019-07-25,74.91999816894531,75.05999755859375,73.94000244140625,74.61000061035156,71.51872253417969,781300
2019-07-26,74.61000061035156,75.02999877929688,73.37000274658203,74.58000183105469,71.4899673461914,930600
2019-07-29,74.37000274658203,74.66000366210938,72.9800033569336,73.08999633789062,70.06171417236328,1074900
2019-07-30,72.66999816894531,73.80000305175781,72.05999755859375,73.5999984741211,70.55057525634766,1056200
2019-07-31,73.4800033569336,74.3499984741211,72.37999725341797,72.95999908447266,69.93709564208984,1361500
2019-08-01,72.55000305175781,73.38999938964844,69.16999816894531,69.58999633789062,66.70671081542969,1568800
2019-08-02,68.98999786376953,70.05000305175781,67.44000244140625,68.68000030517578,65.83442687988281,1457500
2019-08-05,67.19999694824219,67.19999694824219,64.3499984741211,65.41000366210938,62.69990921020508,2421400
2019-08-06,65.80000305175781,66.0,64.0999984741211,65.44999694824219,62.73824691772461,1731500
2019-08-07,64.5999984741211,68.01000213623047,64.51000213623047,67.58999633789062,64.7895736694336,2620800
2019-08-08,74.70999908447266,74.93000030517578,69.69000244140625,73.48999786376953,70.44512939453125,4385400
2019-08-09,71.9000015258789,72.33000183105469,69.4000015258789,70.25,67.33938598632812,2188000
2019-08-12,69.80000305175781,70.0199966430664,67.05999755859375,67.37999725341797,64.58828735351562,1516600
2019-08-13,67.4000015258789,71.18000030517578,66.80000305175781,68.44999694824219,65.61394500732422,1597200
2019-08-14,66.45999908447266,66.94999694824219,64.01000213623047,64.29000091552734,61.62631607055664,2087400
2019-08-15,64.33999633789062,64.33999633789062,61.2400016784668,61.65999984741211,59.10527801513672,2688300
2019-08-16,62.279998779296875,64.33999633789062,61.2400016784668,63.09000015258789,60.476036071777344,1666700
2019-08-19,64.20999908447266,65.33000183105469,63.939998626708984,64.91999816894531,62.23020935058594,1388200
2019-08-20,64.44999694824219,64.68000030517578,63.709999084472656,64.16999816894531,61.51127624511719,1091500
2019-08-21,65.31999969482422,66.29000091552734,64.69999694824219,65.91000366210938,63.179195404052734,1003800
2019-08-22,64.70999908447266,65.12000274658203,62.689998626708984,63.220001220703125,60.60063934326172,1850400
2019-08-23,62.56999969482422,62.689998626708984,59.709999084472656,59.95000076293945,57.46612548828125,1778100
2019-08-26,60.849998474121094,61.459999084472656,60.15999984741211,60.810001373291016,58.29049301147461,805200
2019-08-27,61.43000030517578,61.439998626708984,59.130001068115234,59.29999923706055,56.843055725097656,1066600
2019-08-28,59.060001373291016,59.7400016784668,58.630001068115234,59.31999969482422,56.86222457885742,2283800
2019-08-29,60.58000183105469,61.40999984741211,60.099998474121094,60.4900016784668,57.983760833740234,2307100
2019-08-30,61.290000915527344,63.27000045776367,61.290000915527344,61.72999954223633,59.1723747253418,1403500
2019-09-03,61.0,61.0,59.5099983215332,60.22999954223633,57.73453140258789,1372100
2019-09-04,61.599998474121094,61.97999954223633,60.86000061035156,61.310001373291016,58.769779205322266,898800
2019-09-05,62.33000183105469,63.40999984741211,62.33000183105469,62.970001220703125,60.36100387573242,1854400
2019-09-06,63.040000915527344,63.779998779296875,61.93000030517578,63.22999954223633,60.610233306884766,1023700
2019-09-09,63.4900016784668,65.44000244140625,63.279998779296875,65.36000061035156,62.65198516845703,1216400
2019-09-10,65.48999786376953,68.5,65.48999786376953,68.27999877929688,65.45098876953125,2358000
2019-09-11,68.80000305175781,69.37999725341797,67.19999694824219,69.25,66.38080596923828,1839300
2019-09-12,69.19999694824219,69.95999908447266,67.81999969482422,69.27999877929688,66.76434326171875,986700
2019-09-13,69.88999938964844,70.41000366210938,68.19999694824219,69.27999877929688,66.76434326171875,1169900
2019-09-16,68.91999816894531,69.79000091552734,68.63999938964844,68.83999633789062,66.34031677246094,1003000
2019-09-17,68.19000244140625,68.66000366210938,67.20999908447266,67.76000213623047,65.29954528808594,1120500
2019-09-18,67.3499984741211,68.27999877929688,66.52999877929688,67.4000015258789,64.9526138305664,1131000
2019-09-19,67.4000015258789,68.47000122070312,66.70999908447266,68.29000091552734,65.81031036376953,1238600
2019-09-20,68.66999816894531,70.41999816894531,68.52999877929688,68.86000061035156,66.35961151123047,2741900
2019-09-23,67.97000122070312,69.41000366210938,67.6500015258789,68.22000122070312,65.74282836914062,990400
2019-09-24,68.5,68.70999908447266,66.97000122070312,67.88999938964844,65.42481231689453,1382700
2019-09-25,67.81999969482422,68.51000213623047,67.38999938964844,68.30000305175781,65.81993865966797,999500
2019-09-26,68.0999984741211,68.12999725341797,66.76000213623047,67.19000244140625,64.75023651123047,989000
2019-09-27,67.37000274658203,68.22000122070312,66.7699966430664,68.13999938964844,65.66573333740234,1667600
2019-09-30,68.25,69.87000274658203,67.98999786376953,69.5199966430664,66.99563598632812,1387800
2019-10-01,69.94999694824219,70.83999633789062,67.91000366210938,68.30999755859375,65.82957458496094,1721400
2019-10-02,67.37999725341797,67.47000122070312,66.0999984741211,66.56999969482422,64.15274810791016,1202800
2019-10-03,66.05000305175781,67.2300033569336,64.9000015258789,67.2300033569336,64.78880310058594,1122100
2019-10-04,67.05000305175781,67.33999633789062,65.94000244140625,66.31999969482422,63.91183853149414,974100
2019-10-07,65.87999725341797,66.5,64.66999816894531,65.68000030517578,63.29505920410156,1073600
2019-10-08,65.0,65.0,63.459999084472656,63.70000076293945,61.386966705322266,1148000
2019-10-09,64.36000061035156,64.7300033569336,62.77000045776367,63.599998474121094,61.29059600830078,1144100
2019-10-10,64.01000213623047,65.79000091552734,63.790000915527344,65.45999908447266,63.08305358886719,1093100
2019-10-11,66.52999877929688,69.30000305175781,66.25,68.91000366210938,66.40778350830078,1318400
2019-10-14,68.2300033569336,68.58000183105469,67.37000274658203,67.55999755859375,65.10680389404297,1194500
2019-10-15,67.9000015258789,68.7300033569336,67.12999725341797,67.87000274658203,65.4055404663086,803200
2019-10-16,67.86000061035156,68.93000030517578,67.45999908447266,67.58000183105469,65.12608337402344,721600
2019-10-17,68.3499984741211,69.08999633789062,67.75,68.22000122070312,65.74282836914062,1062800
2019-10-18,68.2300033569336,68.73999786376953,67.11000061035156,67.12999725341797,64.69242858886719,908400
2019-10-21,67.91000366210938,68.18000030517578,66.80999755859375,67.23999786376953,64.79841613769531,1153100
2019-10-22,67.23999786376953,67.87000274658203,64.87999725341797,66.79000091552734,64.36477661132812,1271000
2019-10-23,67.38999938964844,68.16000366210938,66.94000244140625,67.45999908447266,65.01042938232422,766400
2019-10-24,68.16999816894531,69.68000030517578,68.05999755859375,69.44999694824219,66.92817687988281,1374200
2019-10-25,63.790000915527344,65.48999786376953,62.5,63.59000015258789,61.28096008300781,5988000
2019-10-28,62.75,64.58000183105469,62.59000015258789,63.7400016784668,61.425514221191406,2780700
2019-10-29,63.45000076293945,64.4800033569336,62.75,63.029998779296875,60.741302490234375,2192200
2019-10-30,62.86000061035156,63.439998626708984,61.81999969482422,62.66999816894531,60.394371032714844,2227400
2019-10-31,62.310001373291016,62.5,60.20000076293945,60.7400016784668,58.53445053100586,2912300
2019-11-01,61.459999084472656,64.5,61.119998931884766,64.48999786376953,62.148292541503906,2339900
2019-11-04,65.16000366210938,67.76000213623047,65.0999984741211,67.69999694824219,65.24170684814453,2246900
2019-11-05,68.37000274658203,68.66000366210938,66.73999786376953,67.37000274658203,64.92369842529297,2004600
2019-11-06,66.79000091552734,67.83000183105469,66.22000122070312,66.72000122070312,64.29730987548828,2319200
2019-11-07,67.63999938964844,72.27999877929688,67.0,71.38999938964844,68.7977294921875,3003500
2019-11-08,69.4800033569336,69.58000183105469,66.20999908447266,67.9800033569336,65.51155853271484,3410000
2019-11-11,67.48999786376953,67.88999938964844,66.62000274658203,67.7300033569336,65.2706298828125,1164300
2019-11-12,67.0,67.8499984741211,64.9800033569336,65.30999755859375,62.938499450683594,1820100
2019-11-13,63.720001220703125,65.47000122070312,63.369998931884766,65.18000030517578,62.81322479248047,1554000
2019-11-14,64.37000274658203,65.58999633789062,64.02999877929688,65.54000091552734,63.160152435302734,1079200
2019-11-15,66.0999984741211,67.37000274658203,65.62000274658203,66.13999938964844,63.738365173339844,1028800
2019-11-18,66.12000274658203,67.36000061035156,65.23999786376953,67.0999984741211,64.66350555419922,1190100
2019-11-19,67.76000213623047,67.76000213623047,65.45999908447266,66.45999908447266,64.04673767089844,926100
2019-11-20,65.70999908447266,66.54000091552734,64.73999786376953,65.05000305175781,62.68794250488281,1496800
2019-11-21,65.29000091552734,66.23999786376953,64.52999877929688,65.12999725341797,62.76503372192383,1386700
2019-11-22,64.11000061035156,65.45999908447266,63.75,64.9000015258789,62.543399810791016,1147000
2019-11-25,65.11000061035156,65.9000015258789,64.66000366210938,65.13999938964844,62.774681091308594,1086300
2019-11-26,65.1500015258789,65.77999877929688,64.31999969482422,65.58999633789062,63.20833969116211,1417100
2019-11-27,65.7300033569336,65.94000244140625,64.73999786376953,65.5,63.121612548828125,930000
2019-11-29,65.31999969482422,65.8499984741211,64.91999816894531,65.37999725341797,63.0059700012207,440500
2019-12-02,65.66999816894531,66.81999969482422,64.97000122070312,65.04000091552734,62.678314208984375,1128200
2019-12-03,63.65999984741211,63.869998931884766,62.11000061035156,63.650001525878906,61.33879089355469,1559200
2019-12-04,64.19999694824219,65.19000244140625,62.88999938964844,62.91999816894531,60.635292053222656,1550100
2019-12-05,63.27000045776367,63.970001220703125,62.61000061035156,63.68000030517578,61.36769485473633,1379600
2019-12-06,64.29000091552734,64.9000015258789,63.619998931884766,64.30000305175781,61.965187072753906,1195900
2019-12-09,64.25,65.5,64.0,64.72000122070312,62.369930267333984,908900
2019-12-10,64.61000061035156,65.5199966430664,64.11000061035156,65.30000305175781,62.92887878417969,1020600
2019-12-11,65.33999633789062,66.05999755859375,65.01000213623047,65.66999816894531,63.285430908203125,1034600
2019-12-12,65.69999694824219,68.19999694824219,65.5999984741211,68.0199966430664,65.91950225830078,1771700
2019-12-13,68.2699966430664,68.44000244140625,66.31999969482422,66.62999725341797,64.57242584228516,1536000
2019-12-16,67.55999755859375,67.88999938964844,66.0,66.19999694824219,64.15570068359375,1431800
2019-12-17,66.30000305175781,68.95999908447266,66.0,68.7699966430664,66.64632415771484,1525600
2019-12-18,68.9000015258789,69.54000091552734,68.58000183105469,68.9000015258789,66.77232360839844,1382100
2019-12-19,69.0,70.44000244140625,68.27999877929688,69.44999694824219,67.30534362792969,1945900
2019-12-20,70.37000274658203,70.98999786376953,69.56999969482422,70.36000061035156,68.18724060058594,2492200
2019-12-23,70.36000061035156,72.66000366210938,69.66999816894531,72.43000030517578,70.19332885742188,2011200
2019-12-24,72.41000366210938,72.95999908447266,72.02999877929688,72.31999969482422,70.08673095703125,640700
2019-12-26,72.33000183105469,72.5,71.69999694824219,72.48999786376953,70.25146484375,730300
2019-12-27,72.55999755859375,72.93000030517578,71.81999969482422,72.01000213623047,69.78628540039062,741600
2019-12-30,72.0999984741211,72.8499984741211,71.69999694824219,71.93000030517578,69.70877075195312,802200
2019-12-31,71.61000061035156,73.36000061035156,71.5,73.04000091552734,70.78446960449219,1016000
2020-01-02,73.5,73.87999725341797,72.19000244140625,72.61000061035156,70.36776733398438,1620800
2020-01-03,71.41000366210938,72.38999938964844,71.22000122070312,71.56999969482422,69.35986328125,1337600
2020-01-06,71.0,72.16999816894531,70.19000244140625,71.48999786376953,69.28234100341797,1330000
2020-01-07,71.6500015258789,73.48999786376953,71.12999725341797,72.43000030517578,70.19332885742188,1574400
2020-01-08,70.5999984741211,71.5,69.61000061035156,71.18000030517578,68.98191833496094,2029500
2020-01-09,71.31999969482422,73.06999969482422,70.7300033569336,72.73999786376953,70.4937515258789,1301100
2020-01-10,73.01000213623047,73.83000183105469,71.8499984741211,72.0999984741211,69.87350463867188,1493300
2020-01-13,72.94999694824219,76.0,72.88999938964844,75.86000061035156,73.51740264892578,2668000
2020-01-14,76.22000122070312,78.87000274658203,75.5999984741211,78.18000030517578,75.76576232910156,3835800
2020-01-15,78.9000015258789,80.93000030517578,78.0,80.12000274658203,77.64586639404297,3101800
2020-01-16,80.36000061035156,81.5,78.51000213623047,80.41999816894531,77.93658447265625,2178700
2020-01-17,80.9800033569336,81.30000305175781,79.77999877929688,80.9000015258789,78.4017562866211,2151400
2020-01-21,80.79000091552734,81.41999816894531,80.58000183105469,81.31999969482422,78.80879211425781,2312700
2020-01-22,81.18000030517578,81.95999908447266,80.7699966430664,81.37999725341797,78.86692810058594,2138400
2020-01-23,80.33000183105469,82.0999984741211,79.51000213623047,81.9000015258789,79.37088775634766,1654700
2020-01-24,82.0,82.12999725341797,80.37999725341797,81.18000030517578,78.67311096191406,1409600
2020-01-27,78.62999725341797,79.66000366210938,78.01000213623047,78.94000244140625,76.50228881835938,2060800
2020-01-28,79.69999694824219,81.22000122070312,79.51000213623047,80.19999694824219,77.72338104248047,1130900
2020-01-29,80.83000183105469,81.61000061035156,79.73999786376953,80.7300033569336,78.23702239990234,1084500
2020-01-30,80.08999633789062,80.9800033569336,79.37999725341797,80.77999877929688,78.28546905517578,1261400
2020-01-31,79.80000305175781,80.36000061035156,78.72000122070312,80.27999877929688,77.80091094970703,5676000
2020-02-03,80.79000091552734,81.27999877929688,79.72000122070312,80.79000091552734,78.29515075683594,2220200
2020-02-04,82.5,91.93000030517578,82.41999816894531,90.43000030517578,87.63748168945312,4739800
2020-02-05,88.76000213623047,89.0,85.55000305175781,87.58000183105469,84.87547302246094,3418600
2020-02-06,87.56999969482422,87.98999786376953,85.54000091552734,86.94999694824219,84.26493835449219,1849600
2020-02-07,85.5199966430664,85.72000122070312,82.0999984741211,82.54000091552734,79.99111938476562,2337700
2020-02-10,83.11000061035156,84.69999694824219,83.11000061035156,83.25,80.67919921875,1553700
2020-02-11,83.7699966430664,85.38999938964844,83.26000213623047,84.70999908447266,82.09410858154297,1311100
2020-02-12,87.0199966430664,88.08999633789062,86.0999984741211,86.83000183105469,84.14864349365234,1311800
2020-02-13,85.94000244140625,88.66999816894531,85.0999984741211,87.93000030517578,85.21468353271484,1725100
2020-02-14,88.54000091552734,90.54000091552734,88.48999786376953,89.63999938964844,86.87187194824219,2105500
2020-02-18,88.79000091552734,89.58000183105469,86.69000244140625,88.69999694824219,85.96088409423828,1448800
2020-02-19,89.0,90.69999694824219,88.69000244140625,89.33999633789062,86.58113098144531,2041200
2020-02-20,89.0,99.4000015258789,88.3499984741211,94.30999755859375,91.39763641357422,4973600
2020-02-21,92.1500015258789,93.31999969482422,90.45999908447266,92.43000030517578,89.57571411132812,2263400
2020-02-24,87.87000274658203,90.52999877929688,87.20999908447266,89.61000061035156,86.84278869628906,1682200
2020-02-25,90.38999938964844,91.16999816894531,85.68000030517578,85.83000183105469,83.17951202392578,2195600
2020-02-26,85.19000244140625,87.77999877929688,84.30999755859375,85.6500015258789,83.00508117675781,1583900
2020-02-27,83.11000061035156,84.94000244140625,80.73999786376953,80.80000305175781,78.30484771728516,2530000
2020-02-28,78.11000061035156,82.0,76.66999816894531,81.8499984741211,79.32241821289062,2580200
2020-03-02,82.48999786376953,84.30000305175781,80.1500015258789,84.30000305175781,81.69677734375,1661200
2020-03-03,83.70999908447266,85.23999786376953,80.87999725341797,82.79000091552734,80.23339080810547,1932300
2020-03-04,85.05999755859375,86.37000274658203,83.2699966430664,86.2699966430664,83.60592651367188,1198000
2020-03-05,83.83000183105469,86.77999877929688,83.51000213623047,84.7699966430664,82.15223693847656,1490200
2020-03-06,82.36000061035156,83.95999908447266,80.63999938964844,82.5999984741211,80.04927062988281,1490700
2020-03-09,75.5,76.3499984741211,69.58999633789062,72.95999908447266,70.70695495605469,2627400
2020-03-10,77.11000061035156,77.62999725341797,72.22000122070312,75.19000244140625,72.86809539794922,2771400
2020-03-11,73.37999725341797,73.37999725341797,69.05999755859375,70.06999969482422,67.90618896484375,2059300
2020-03-12,63.970001220703125,68.55999755859375,60.56999969482422,64.79000091552734,63.13614273071289,2619400
2020-03-13,69.45999908447266,69.77999877929688,62.119998931884766,68.01000213623047,66.27395629882812,2067800
2020-03-16,61.34000015258789,63.02000045776367,58.93000030517578,58.959999084472656,57.4549674987793,2388300
2020-03-17,60.290000915527344,68.26000213623047,57.310001373291016,67.05999755859375,65.34819793701172,3062400
2020-03-18,62.40999984741211,69.11000061035156,58.619998931884766,68.63999938964844,66.88786315917969,2762300
2020-03-19,66.55000305175781,67.83000183105469,60.25,61.939998626708984,60.35889434814453,2016200
2020-03-20,62.68000030517578,63.40999984741211,53.02000045776367,53.45000076293945,52.08561325073242,2963600
2020-03-23,52.380001068115234,54.380001068115234,48.88999938964844,50.900001525878906,49.6007080078125,2507500
2020-03-24,53.88999938964844,57.869998931884766,53.04999923706055,56.029998779296875,54.599761962890625,1839500
2020-03-25,56.38999938964844,63.86000061035156,55.380001068115234,60.02000045776367,58.487911224365234,2295600
2020-03-26,60.0,60.720001220703125,57.20000076293945,60.459999084472656,58.91667556762695,2245100
2020-03-27,58.0,58.0,54.75,55.02000045776367,53.61553955078125,2439600
2020-03-30,55.61000061035156,56.4900016784668,54.5099983215332,55.599998474121094,54.180728912353516,2045800
2020-03-31,55.52000045776367,57.72999954223633,55.11000061035156,56.369998931884766,54.93108367919922,2585900
2020-04-01,54.2599983215332,57.040000915527344,53.619998931884766,54.84000015258789,53.44013595581055,2253900
2020-04-02,54.880001068115234,59.0099983215332,52.95000076293945,53.65999984741211,52.29025650024414,1911400
2020-04-03,53.630001068115234,55.380001068115234,52.689998626708984,52.70000076293945,51.354759216308594,1749700
2020-04-06,55.130001068115234,57.68000030517578,54.47999954223633,56.93000030517578,55.47679138183594,1725800
2020-04-07,58.310001373291016,60.349998474121094,56.4900016784668,57.0,55.54499435424805,1952000
2020-04-08,57.61000061035156,62.43000030517578,57.31999969482422,61.81999969482422,60.24196243286133,1706000
2020-04-09,62.349998474121094,67.23999786376953,62.16999816894531,67.0199966430664,65.30921173095703,1775400
2020-04-13,66.77999877929688,67.3499984741211,61.66999816894531,63.310001373291016,61.693931579589844,1678600
2020-04-14,64.75,65.83999633789062,63.25,63.68000030517578,62.05447769165039,1068400
2020-04-15,61.439998626708984,61.720001220703125,57.86000061035156,58.25,56.76308822631836,1335900
2020-04-16,58.2599983215332,58.91999816894531,56.70000076293945,58.56999969482422,57.074920654296875,1618100
2020-04-17,60.58000183105469,62.790000915527344,60.5,61.470001220703125,59.90089797973633,1011000
2020-04-20,60.0,61.68000030517578,59.5,60.0,58.468414306640625,1270600
2020-04-21,58.5,59.2400016784668,57.709999084472656,57.86000061035156,56.38304138183594,1381600
2020-04-22,58.959999084472656,60.08000183105469,58.599998474121094,59.45000076293945,57.932456970214844,684800
2020-04-23,60.66999816894531,62.25,60.2599983215332,60.65999984741211,59.111572265625,816500
2020-04-24,61.11000061035156,61.959999084472656,59.68000030517578,61.529998779296875,59.95935821533203,1027100
2020-04-27,61.81999969482422,62.83000183105469,61.650001525878906,62.25,60.66098403930664,736800
2020-04-28,64.0,65.69999694824219,63.25,64.30999755859375,62.668399810791016,1087700
2020-04-29,64.05999755859375,66.37000274658203,64.05999755859375,64.66999816894531,63.01921081542969,1447900
2020-04-30,63.79999923706055,64.1500015258789,61.11000061035156,61.43000030517578,59.86191940307617,2007200
2020-05-01,60.5,60.5,56.939998626708984,57.439998626708984,55.97376251220703,1924900
2020-05-04,56.81999969482422,57.81999969482422,55.75,57.2599983215332,55.79835891723633,1275400
2020-05-05,58.369998931884766,60.34000015258789,58.310001373291016,58.470001220703125,56.97747802734375,1109000
2020-05-06,59.16999816894531,60.2400016784668,57.79999923706055,57.93000030517578,56.451255798339844,1885300
2020-05-07,59.900001525878906,61.86000061035156,57.38999938964844,59.7400016784668,58.21505355834961,2206600
2020-05-08,60.630001068115234,64.5,60.20000076293945,64.25,62.609928131103516,1514500
2020-05-11,63.15999984741211,65.72000122070312,62.880001068115234,64.41000366210938,62.76585006713867,1471300
2020-05-12,63.0,63.709999084472656,59.0099983215332,59.2599983215332,57.74730682373047,1881900
2020-05-13,59.02000045776367,60.29999923706055,57.77000045776367,59.91999816894531,58.39045715332031,1770000
2020-05-14,59.0,59.779998779296875,56.16999816894531,59.709999084472656,58.185821533203125,1333300
2020-05-15,59.5,61.619998931884766,59.41999816894531,61.349998474121094,59.78395462036133,1428000
2020-05-18,64.0,65.31999969482422,63.25,63.93000030517578,62.298099517822266,1288900
2020-05-19,63.81999969482422,65.29000091552734,63.0,63.5099983215332,61.888824462890625,1329900
2020-05-20,65.19000244140625,68.61000061035156,65.01000213623047,68.13999938964844,66.40062713623047,1641500
2020-05-21,67.81999969482422,69.79000091552734,67.41000366210938,67.97000122070312,66.2349853515625,1428300
2020-05-22,67.80000305175781,68.41999816894531,66.87000274658203,68.11000061035156,66.37139892578125,825400
2020-05-26,70.66000366210938,75.75,70.51000213623047,74.93000030517578,73.01730346679688,2391600
2020-05-27,76.38999938964844,79.12999725341797,74.04000091552734,75.04000091552734,73.12450408935547,1592500
2020-05-28,76.4800033569336,78.43000030517578,75.55000305175781,75.93000030517578,73.99180603027344,1408600
2020-05-29,75.44999694824219,77.31999969482422,74.3499984741211,76.5199966430664,74.56671142578125,1589800
2020-06-01,76.66000366210938,78.5999984741211,76.5199966430664,77.41999816894531,75.44373321533203,1061900
2020-06-02,78.31999969482422,79.44000244140625,77.02999877929688,78.58999633789062,76.58387756347656,1268300
2020-06-03,79.62999725341797,80.95999908447266,78.8499984741211,78.94000244140625,76.92495727539062,1685100
2020-06-04,78.0,80.0,77.7300033569336,79.97000122070312,77.92866516113281,1493700
2020-06-05,81.72000122070312,84.97000122070312,80.77999877929688,84.30999755859375,82.15787506103516,1950000
2020-06-08,84.62000274658203,86.91000366210938,84.25,86.73999786376953,84.52584838867188,1304100
2020-06-09,85.0,86.0,84.06999969482422,85.0,82.83024597167969,962300
2020-06-10,85.31999969482422,85.5999984741211,83.69999694824219,83.86000061035156,81.71935272216797,957900
2020-06-11,78.94999694824219,80.04000091552734,74.0199966430664,74.5199966430664,72.95269775390625,1656600
2020-06-12,78.0,78.66999816894531,75.36000061035156,77.31999969482422,75.69380187988281,1219900
2020-06-15,74.18000030517578,77.72000122070312,74.0,76.41000366210938,74.80296325683594,1134900
2020-06-16,79.7699966430664,80.30999755859375,77.26000213623047,79.2300033569336,77.56365966796875,1060000
2020-06-17,79.25,80.30000305175781,78.81999969482422,79.16999816894531,77.50489807128906,727000
2020-06-18,78.25,79.55000305175781,77.54000091552734,78.80999755859375,77.15247344970703,863700
2020-06-19,80.22000122070312,80.97000122070312,77.62999725341797,78.3499984741211,76.7021484375,1243100
2020-06-22,75.51000213623047,76.93000030517578,74.66000366210938,75.77999877929688,74.18620300292969,1023200
2020-06-23,76.83999633789062,77.20999908447266,76.01000213623047,76.12000274658203,74.51905822753906,781700
2020-06-24,75.41000366210938,75.41999816894531,72.38999938964844,73.31999969482422,71.77793884277344,965600
2020-06-25,73.26000213623047,74.22000122070312,72.58999633789062,73.94999694824219,72.3946762084961,727200
2020-06-26,74.93000030517578,75.83000183105469,73.19999694824219,74.63999938964844,73.07017517089844,1652200
2020-06-29,75.97000122070312,77.37000274658203,75.02999877929688,76.33000183105469,74.7246322631836,843100
2020-06-30,75.80999755859375,77.55999755859375,75.73999786376953,77.20999908447266,75.58612060546875,1033100
2020-07-01,76.94999694824219,77.66999816894531,75.2699966430664,76.05999755859375,74.46031951904297,891600
2020-07-02,77.66999816894531,79.63999938964844,77.63999938964844,78.55999755859375,76.90772247314453,886000
2020-07-06,80.0,81.30000305175781,79.38999938964844,81.22000122070312,79.51177978515625,1045200
2020-07-07,80.26000213623047,80.44000244140625,77.62000274658203,78.0,76.35951232910156,1281300
2020-07-08,77.93000030517578,79.73999786376953,76.44999694824219,77.94999694824219,76.31055450439453,1351200
2020-07-09,78.19000244140625,78.19000244140625,74.77999877929688,75.75,74.15682220458984,1154300
2020-07-10,76.0,79.04000091552734,75.33999633789062,78.88999938964844,77.23078918457031,1071800
2020-07-13,80.30000305175781,84.45999908447266,80.1500015258789,81.55999755859375,79.8446273803711,2213100
2020-07-14,81.55999755859375,84.36000061035156,80.91999816894531,84.1500015258789,82.38016510009766,1353700
2020-07-15,85.87999725341797,86.83000183105469,85.1500015258789,86.5999984741211,84.77864074707031,1385100
2020-07-16,86.30999755859375,86.7699966430664,85.44000244140625,86.44999694824219,84.63178253173828,852600
2020-07-17,87.0,89.62000274658203,86.93000030517578,88.45999908447266,86.59951782226562,1360300
2020-07-20,88.75,89.16999816894531,86.6500015258789,87.04000091552734,85.20938873291016,816800
2020-07-21,87.56999969482422,88.12999725341797,87.02999877929688,87.18000030517578,85.346435546875,821300
2020-07-22,87.19999694824219,88.38999938964844,86.66999816894531,87.69000244140625,85.84571075439453,726100
2020-07-23,87.76000213623047,89.41000366210938,86.97000122070312,87.93000030517578,86.08067321777344,756600
2020-07-24,87.0,87.91999816894531,86.19999694824219,87.04000091552734,85.20938873291016,586000
2020-07-27,85.5199966430664,86.11000061035156,83.8499984741211,85.77999877929688,83.97588348388672,1164900
2020-07-28,85.30000305175781,85.79000091552734,83.61000061035156,83.69999694824219,81.93962097167969,883600
2020-07-29,84.58999633789062,84.58999633789062,81.95999908447266,83.83000183105469,82.06689453125,1161800
2020-07-30,82.47000122070312,83.88999938964844,81.05000305175781,83.0,81.25435638427734,900600
2020-07-31,82.61000061035156,82.95999908447266,80.5,82.45999908447266,80.7257080078125,2397900
2020-08-03,82.9800033569336,83.9000015258789,82.08999633789062,83.33000183105469,81.57740783691406,1124700
2020-08-04,83.11000061035156,87.04000091552734,82.38999938964844,85.33000183105469,83.53535461425781,1634100
2020-08-05,86.79000091552734,89.2300033569336,86.23999786376953,88.5999984741211,86.73657989501953,2177700
2020-08-06,86.63999938964844,87.80999755859375,82.31999969482422,83.33999633789062,81.58719635009766,2453400
2020-08-07,83.0,86.41999816894531,82.6500015258789,84.44000244140625,82.66407012939453,1236300
2020-08-10,85.44999694824219,87.27999877929688,85.16999816894531,87.22000122070312,85.3855972290039,810900
2020-08-11,88.62999725341797,92.77999877929688,88.5,92.44999694824219,90.50559997558594,1931300
2020-08-12,93.22000122070312,93.9000015258789,90.20999908447266,91.0199966430664,89.10567474365234,1070700
2020-08-13,90.41000366210938,92.13999938964844,89.5999984741211,91.5999984741211,89.67347717285156,1008000
2020-08-14,91.31999969482422,92.5999984741211,90.97000122070312,92.38999938964844,90.44685363769531,838200
2020-08-17,92.72000122070312,93.27999877929688,91.36000061035156,91.7699966430664,89.83990478515625,604500
2020-08-18,91.98999786376953,93.0199966430664,91.3499984741211,92.19999694824219,90.2608413696289,557400
2020-08-19,92.5,93.55999755859375,91.76000213623047,92.25,90.30980682373047,760800
2020-08-20,91.06999969482422,91.7300033569336,89.5999984741211,91.05000305175781,89.13504028320312,940900
2020-08-21,90.48999786376953,91.27999877929688,89.12000274658203,89.73999786376953,87.85259246826172,885200
2020-08-24,90.75,92.0,89.61000061035156,91.9800033569336,90.04547882080078,668900
2020-08-25,92.05000305175781,92.73999786376953,90.69000244140625,91.08999633789062,89.17420196533203,420500
2020-08-26,92.12999725341797,92.37999725341797,91.31999969482422,91.9000015258789,89.96717834472656,653200
2020-08-27,92.16999816894531,92.83999633789062,90.02999877929688,91.12999725341797,89.21336364746094,474500
2020-08-28,91.12999725341797,92.37000274658203,90.47000122070312,92.31999969482422,90.37832641601562,412000
2020-08-31,92.30000305175781,93.41000366210938,90.91000366210938,91.01000213623047,89.09589385986328,718500
2020-09-01,91.0999984741211,97.43000030517578,90.04000091552734,97.38999938964844,95.3416976928711,1561100
2020-09-02,97.0,99.80999755859375,96.75,99.6500015258789,97.55418395996094,1311100
2020-09-03,98.8499984741211,99.61000061035156,91.73999786376953,93.18000030517578,91.22024536132812,1731400
2020-09-04,93.04000091552734,95.54000091552734,90.7699966430664,94.72000122070312,92.72786712646484,1100800
2020-09-08,93.0,95.0,92.12000274658203,93.13999938964844,91.18107604980469,835700
2020-09-09,94.3499984741211,96.75,94.02999877929688,95.41999816894531,93.41312408447266,643900
2020-09-10,95.61000061035156,96.45999908447266,93.48999786376953,93.5,91.53350830078125,667800
2020-09-11,94.63999938964844,96.08000183105469,93.80000305175781,94.95999908447266,92.96279907226562,650900
2020-09-14,95.87000274658203,98.70999908447266,95.1500015258789,98.16999816894531,96.10528564453125,671800
2020-09-15,99.0,100.30999755859375,98.33000183105469,98.38999938964844,96.32066345214844,1192300
2020-09-16,99.0,99.58999633789062,97.69999694824219,97.80000305175781,95.74308776855469,998300
2020-09-17,96.27999877929688,100.97000122070312,95.5199966430664,100.44999694824219,98.72598266601562,937100
2020-09-18,100.37999725341797,101.0,97.12999725341797,97.95999908447266,96.27871704101562,1337200
2020-09-21,96.38999938964844,96.38999938964844,90.5199966430664,95.12999725341797,93.4972915649414,1406500
2020-09-22,94.70999908447266,95.54000091552734,92.93000030517578,95.23999786376953,93.60540771484375,656600
2020-09-23,88.9800033569336,89.3499984741211,80.1500015258789,80.41999816894531,79.03975677490234,5194900
2020-09-24,80.06999969482422,85.5999984741211,79.05999755859375,83.30999755859375,81.88015747070312,2368200
2020-09-25,82.9800033569336,85.25,82.54000091552734,84.5199966430664,83.06939697265625,1197800
2020-09-28,86.1500015258789,87.4000015258789,83.87999725341797,84.83999633789062,83.38389587402344,1433100
2020-09-29,84.94999694824219,87.62999725341797,84.77999877929688,86.86000061035156,85.36923217773438,1252900
2020-09-30,87.41000366210938,90.12999725341797,87.22000122070312,89.27999877929688,87.74769592285156,1369100
2020-10-01,90.01000213623047,90.97000122070312,86.47000122070312,86.7300033569336,85.24146270751953,1371800
2020-10-02,85.44000244140625,91.08000183105469,84.56999969482422,89.29000091552734,87.75752258300781,1204200
2020-10-05,91.26000213623047,95.88999938964844,91.13999938964844,94.76000213623047,93.1336441040039,1598300
2020-10-06,96.27999877929688,96.97000122070312,93.5199966430664,93.73999786376953,92.13114166259766,1381400
2020-10-07,96.0,97.98999786376953,95.5999984741211,96.69000244140625,95.03052520751953,1129100
2020-10-08,98.12000274658203,98.37000274658203,95.95999908447266,96.94999694824219,95.28605651855469,1133500
2020-10-09,98.0999984741211,99.12999725341797,95.66000366210938,96.02999877929688,94.3818359375,767800
2020-10-12,96.7300033569336,96.7300033569336,94.6500015258789,94.94000244140625,93.310546875,798100
2020-10-13,94.3499984741211,95.58999633789062,93.91000366210938,95.13999938964844,93.50712585449219,863900
2020-10-14,92.76000213623047,95.33999633789062,91.8499984741211,94.58999633789062,92.966552734375,1070500
2020-10-15,92.98999786376953,94.75,91.80000305175781,94.3499984741211,92.73066711425781,923200
2020-10-16,95.12999725341797,95.83000183105469,93.4000015258789,93.41999816894531,91.8166275024414,655600
2020-10-19,93.33999633789062,94.51000213623047,92.22000122070312,92.56999969482422,90.98123168945312,641400
2020-10-20,93.48999786376953,95.22000122070312,92.79000091552734,93.55999755859375,91.95423889160156,740600
2020-10-21,95.2699966430664,97.29000091552734,94.5999984741211,95.87000274658203,94.2245864868164,793400
2020-10-22,95.58000183105469,96.11000061035156,93.75,94.95999908447266,93.33021545410156,669300
2020-10-23,95.87000274658203,97.44999694824219,95.3499984741211,96.4800033569336,94.82412719726562,669200
2020-10-26,94.77999877929688,94.77999877929688,92.83999633789062,94.4800033569336,92.85845184326172,952300
2020-10-27,95.33999633789062,96.87000274658203,94.75,95.18000030517578,93.54642486572266,987800
2020-10-28,92.30999755859375,93.83999633789062,90.06999969482422,90.77999877929688,89.2219467163086,982100
2020-10-29,90.5,94.56999969482422,90.2300033569336,93.7699966430664,92.16062927246094,819600
2020-10-30,92.94000244140625,94.05999755859375,90.86000061035156,93.20999908447266,91.61024475097656,1275000
2020-11-02,94.73999786376953,97.8499984741211,93.79000091552734,96.83999633789062,95.17794036865234,924900
2020-11-03,96.75,98.27999877929688,96.33999633789062,97.62000274658203,95.94456481933594,971900
2020-11-04,97.5199966430664,97.5199966430664,93.0999984741211,93.43000030517578,91.82647705078125,1656900
2020-11-05,96.05000305175781,106.33000183105469,93.0,105.5,103.68930053710938,3231500
2020-11-06,104.83000183105469,113.33000183105469,102.80000305175781,112.22000122070312,110.29398345947266,2609200
2020-11-09,114.94999694824219,120.80999755859375,114.80000305175781,116.7300033569336,114.72657012939453,2138400
2020-11-10,116.0,118.30000305175781,113.06999969482422,117.93000030517578,115.90597534179688,1244200
2020-11-11,117.48999786376953,119.9800033569336,116.5,118.56999969482422,116.53499603271484,881900
2020-11-12,117.5,120.69000244140625,116.63999938964844,118.63999938964844,116.60379791259766,839200
2020-11-13,118.91999816894531,122.97000122070312,117.69000244140625,122.4800033569336,120.37789154052734,1014700
2020-11-16,123.0,129.14999389648438,123.0,128.9199981689453,126.70735931396484,1526100
2020-11-17,127.52999877929688,128.60000610351562,124.4000015258789,127.94999694824219,125.75399780273438,1904500
2020-11-18,127.94999694824219,130.2100067138672,126.52999877929688,126.54000091552734,124.36819458007812,870800
2020-11-19,126.01000213623047,126.48999786376953,122.44999694824219,125.80000305175781,123.64093017578125,1138500
2020-11-20,126.0,128.5,125.5,127.88999938964844,125.69502258300781,748700
2020-11-23,129.3000030517578,134.75999450683594,129.02999877929688,134.05999755859375,131.7591094970703,1400100
2020-11-24,135.6699981689453,137.7100067138672,134.2899932861328,137.25999450683594,134.90419006347656,1428200
2020-11-25,135.1999969482422,136.4199981689453,133.24000549316406,134.72999572753906,132.4176483154297,1126200
2020-11-27,136.4199981689453,138.19000244140625,136.25999450683594,137.66000366210938,135.29734802246094,531400
2020-11-30,137.25,137.5,134.16000366210938,135.97000122070312,133.6363525390625,1096100
2020-12-01,137.5,138.19000244140625,134.82000732421875,135.8800048828125,133.5478973388672,1719800
2020-12-02,134.82000732421875,136.0,132.16000366210938,135.25,132.92872619628906,1576100
2020-12-03,135.32000732421875,136.22999572753906,130.75999450683594,131.72000122070312,129.45928955078125,1969300
2020-12-04,132.50999450683594,139.22999572753906,132.2100067138672,139.22000122070312,136.83058166503906,1157900
2020-12-07,139.44000244140625,141.0399932861328,138.10000610351562,140.0,137.59719848632812,1122100
2020-12-08,139.2100067138672,144.1199951171875,138.1999969482422,143.9499969482422,141.47940063476562,892700
2020-12-09,144.08999633789062,146.11000061035156,140.6300048828125,142.5500030517578,140.1034393310547,1444400
2020-12-10,141.0,143.6999969482422,140.2100067138672,141.42999267578125,139.37905883789062,1102900
2020-12-11,140.14999389648438,141.94000244140625,136.61000061035156,138.64999389648438,136.63937377929688,962400
2020-12-14,140.55999755859375,141.0,134.25,134.57000732421875,132.61856079101562,1387300
2020-12-15,136.77000427246094,138.22000122070312,135.00999450683594,137.94000244140625,135.93971252441406,1211900
2020-12-16,138.69000244140625,139.99000549316406,135.52999877929688,135.77999877929688,133.81101989746094,908800
2020-12-17,137.24000549316406,137.97000122070312,134.14999389648438,137.47999572753906,135.48635864257812,1127700
2020-12-18,137.5,139.2899932861328,137.0500030517578,138.89999389648438,136.88577270507812,2447400
2020-12-21,135.77999877929688,142.17999267578125,135.41000366210938,142.02000427246094,139.9605255126953,1180900
2020-12-22,143.44000244140625,147.99000549316406,142.64999389648438,146.27000427246094,144.14889526367188,1294200
2020-12-23,147.85000610351562,152.82000732421875,147.25999450683594,149.91000366210938,147.73611450195312,1718100
2020-12-24,149.89999389648438,150.3699951171875,148.2899932861328,149.63999938964844,147.47003173828125,487400
2020-12-28,151.38999938964844,153.47999572753906,149.60000610351562,149.72000122070312,147.54888916015625,1228600
2020-12-29,149.47999572753906,149.91000366210938,144.74000549316406,146.22000122070312,144.09962463378906,1112800
2020-12-30,148.1699981689453,151.6300048828125,147.75999450683594,149.2899932861328,147.12509155273438,1041100
2020-12-31,148.75999450683594,149.3699951171875,146.80999755859375,147.52000427246094,145.3807830810547,779200
2021-01-04,152.89999389648438,156.75999450683594,150.2899932861328,152.6300048828125,150.41668701171875,2898700
2021-01-05,152.6699981689453,166.77999877929688,152.6699981689453,162.92999267578125,160.56729125976562,2628000
2021-01-06,165.5,178.58999633789062,165.5,175.10000610351562,172.56082153320312,3335500
2021-01-07,183.47999572753906,187.25,180.5500030517578,184.0,181.33177185058594,2947800
2021-01-08,184.49000549316406,186.92999267578125,178.66000366210938,184.10000610351562,181.43032836914062,1659400
2021-01-11,178.8000030517578,180.0,173.4199981689453,177.2899932861328,174.7190704345703,2940000
2021-01-12,177.2899932861328,183.13999938964844,176.5,182.5,179.85350036621094,1655200
2021-01-13,182.89999389648438,182.99000549316406,178.00999450683594,179.9199981689453,177.3109130859375,1481400
2021-01-14,180.5,184.08999633789062,180.5,182.3699951171875,179.7254180908203,1037800
2021-01-15,180.0,183.77999877929688,177.74000549316406,180.13999938964844,177.5277557373047,1196600
2021-01-19,181.0,185.6300048828125,178.38999938964844,185.25,182.56361389160156,1520700
2021-01-20,187.50999450683594,188.35000610351562,179.3800048828125,180.19000244140625,177.57701110839844,1404400
2021-01-21,181.5,181.99000549316406,174.4199981689453,176.41000366210938,173.85183715820312,1321300
2021-01-22,173.24000549316406,174.8699951171875,171.1699981689453,173.7100067138672,171.19097900390625,2034500
2021-01-25,174.0,179.5,172.0800018310547,176.9199981689453,174.35443115234375,1372300
2021-01-26,177.82000732421875,178.8300018310547,172.6300048828125,175.3800048828125,172.83677673339844,1406100
2021-01-27,170.25999450683594,170.60000610351562,161.36000061035156,168.85000610351562,166.40147399902344,2907700
2021-01-28,170.6199951171875,171.14999389648438,163.8800048828125,166.3699951171875,163.9573974609375,1706500
2021-01-29,165.0800018310547,169.4600067138672,160.4199981689453,162.66000366210938,160.30120849609375,3133400
2021-02-01,165.77999877929688,167.89999389648438,163.30999755859375,166.3699951171875,163.9573974609375,1233900
2021-02-02,169.4499969482422,171.64999389648438,167.72000122070312,169.25,166.79566955566406,1177200
2021-02-03,166.5,171.1199951171875,160.41000366210938,161.8800048828125,159.5325469970703,2278800
2021-02-04,152.94000244140625,156.5,151.63999938964844,154.89999389648438,152.6537628173828,8388900
2021-02-05,157.0,159.10000610351562,154.33999633789062,157.1699981689453,154.89083862304688,4970300
2021-02-08,160.0,163.86000061035156,158.82000732421875,161.55999755859375,159.2171630859375,2523900
2021-02-09,160.36000061035156,161.27999877929688,155.80999755859375,158.69000244140625,156.3887939453125,1537600
2021-02-10,161.25999450683594,161.8000030517578,155.11000061035156,156.0500030517578,153.7870635986328,1485500
2021-02-11,156.08999633789062,160.4499969482422,154.52000427246094,159.85000610351562,157.53196716308594,1455000
2021-02-12,164.47000122070312,165.9499969482422,161.07000732421875,164.63999938964844,162.2525177001953,1590000
2021-02-16,170.5,171.35000610351562,161.6699981689453,162.1999969482422,159.84786987304688,1869300
2021-02-17,162.6300048828125,162.75999450683594,154.33999633789062,157.47000122070312,155.18650817871094,2300400
2021-02-18,150.47999572753906,151.25,140.72999572753906,141.4600067138672,139.4086456298828,4075000
2021-02-19,144.75999450683594,156.97999572753906,144.5,156.1699981689453,153.90533447265625,3729900
2021-02-22,154.13999938964844,159.8800048828125,153.60000610351562,156.49000549316406,154.220703125,2317400
2021-02-23,150.2100067138672,155.25999450683594,141.13999938964844,154.6199951171875,152.3778076171875,2314500
2021-02-24,155.0,162.1300048828125,152.7899932861328,160.89999389648438,158.5667266845703,1816500
2021-02-25,161.47999572753906,162.89999389648438,151.91000366210938,153.47999572753906,151.25433349609375,1326300
2021-02-26,152.97999572753906,158.91000366210938,151.82000732421875,157.2100067138672,154.93028259277344,1718100
2021-03-01,160.0500030517578,161.27999877929688,151.5,152.9499969482422,150.73202514648438,2385400
2021-03-02,153.88999938964844,158.6300048828125,153.3699951171875,153.72000122070312,151.4908447265625,1321400
2021-03-03,153.91000366210938,154.69000244140625,146.72999572753906,147.0,144.86831665039062,1523100
2021-03-04,145.94000244140625,146.64999389648438,137.1199951171875,141.50999450683594,139.45790100097656,2915300
2021-03-05,144.27000427246094,144.5800018310547,133.82000732421875,143.8800048828125,141.79356384277344,1416700
2021-03-08,144.97000122070312,146.6999969482422,140.25,140.69000244140625,138.64981079101562,1322900
2021-03-09,143.9199981689453,148.3300018310547,142.3000030517578,145.77000427246094,143.6561737060547,1218900
2021-03-10,150.0,156.30999755859375,149.13999938964844,152.3000030517578,150.09146118164062,1937200
2021-03-11,156.3000030517578,162.0,154.24000549316406,161.27000427246094,159.3394317626953,1589700
2021-03-12,160.05999755859375,161.92999267578125,155.85000610351562,157.27999877929688,155.3971710205078,984800
2021-03-15,156.0800018310547,159.74000549316406,156.0800018310547,158.8300018310547,156.92861938476562,704300
2021-03-16,159.92999267578125,159.92999267578125,154.30999755859375,155.36000061035156,153.5001678466797,957600
2021-03-17,153.27000427246094,156.83999633789062,151.5800018310547,155.91000366210938,154.0435791015625,1014400
2021-03-18,155.47000122070312,158.5500030517578,152.41000366210938,152.52000427246094,150.6941680908203,1326800
2021-03-19,152.69000244140625,153.41000366210938,148.63999938964844,151.5,149.68637084960938,1670700
2021-03-22,151.60000610351562,153.0,148.75,152.14999389648438,150.3285675048828,740300
2021-03-23,150.82000732421875,152.0399932861328,145.42999267578125,146.47000122070312,144.71658325195312,765200
2021-03-24,148.02999877929688,151.10000610351562,146.55999755859375,146.6300048828125,144.8746795654297,1039800
2021-03-25,145.42999267578125,149.3000030517578,141.94000244140625,148.92999267578125,147.14715576171875,964200
2021-03-26,151.0,151.0,146.63999938964844,150.39999389648438,148.5995330810547,722500
2021-03-29,149.6199951171875,149.6199951171875,145.39999389648438,146.41000366210938,144.6573028564453,758800
2021-03-30,146.1999969482422,146.57000732421875,143.82000732421875,145.38999938964844,143.6494903564453,1348000
2021-03-31,147.1300048828125,148.47000122070312,145.6999969482422,146.11000061035156,144.3608856201172,1990000
2021-04-01,148.19000244140625,151.82000732421875,147.5399932861328,150.74000549316406,148.93545532226562,1126200
2021-04-05,153.47000122070312,153.83999633789062,149.0,150.22000122070312,148.42169189453125,776000
2021-04-06,149.50999450683594,153.6999969482422,149.0500030517578,152.88999938964844,151.0597381591797,888000
2021-04-07,152.58999633789062,152.88999938964844,143.25999450683594,143.6999969482422,141.979736328125,1292200
2021-04-08,144.94000244140625,146.85000610351562,144.27000427246094,146.1699981689453,144.42018127441406,852600
2021-04-09,146.1999969482422,147.5,144.82000732421875,147.32000732421875,145.55642700195312,638900
2021-04-12,147.35000610351562,148.3300018310547,145.63999938964844,147.7100067138672,145.94174194335938,793000
2021-04-13,148.02999877929688,149.27000427246094,145.94000244140625,148.5800018310547,146.8013153076172,1061900
2021-04-14,148.72999572753906,154.47999572753906,148.22999572753906,152.92999267578125,151.09922790527344,1104600
2021-04-15,154.02999877929688,154.32000732421875,149.11000061035156,150.50999450683594,148.70823669433594,1036700
2021-04-16,151.83999633789062,153.0,150.89999389648438,152.02999877929688,150.2100372314453,727900
2021-04-19,155.44000244140625,159.75999450683594,154.7899932861328,157.5,155.61453247070312,1259300
2021-04-20,156.0500030517578,156.3300018310547,146.77999877929688,148.52000427246094,146.74203491210938,1072200
2021-04-21,147.86000061035156,153.13999938964844,146.52000427246094,153.0500030517578,151.21780395507812,690300
2021-04-22,156.0,159.8699951171875,153.6300048828125,155.8000030517578,153.93490600585938,1417900
2021-04-23,156.0500030517578,167.86000061035156,154.6699981689453,161.22999572753906,159.2998809814453,1576800
2021-04-26,162.75,171.9600067138672,162.0,170.57000732421875,168.52806091308594,1351300
2021-04-27,169.0,171.60000610351562,167.4600067138672,169.75,167.71791076660156,948800
2021-04-28,168.75,170.64999389648438,167.17999267578125,169.39999389648438,167.37208557128906,594000
2021-04-29,171.02999877929688,171.8699951171875,164.3699951171875,167.6199951171875,165.61338806152344,771700
2021-04-30,165.39999389648438,169.0500030517578,165.1999969482422,168.1699981689453,166.1568145751953,1372300
2021-05-03,169.50999450683594,169.99000549316406,165.47000122070312,165.99000549316406,164.00289916992188,652000
2021-05-04,163.50999450683594,163.9199981689453,158.5399932861328,162.11000061035156,160.16934204101562,949100
2021-05-05,165.97999572753906,168.5800018310547,163.58999633789062,167.14999389648438,165.14901733398438,991400
2021-05-06,157.74000549316406,159.1300048828125,150.0,152.85000610351562,151.0202178955078,2553600
2021-05-07,154.4600067138672,163.1300048828125,154.0,162.72000122070312,160.7720489501953,1115900
2021-05-10,163.38999938964844,165.13999938964844,159.19000244140625,159.47999572753906,157.57083129882812,1127000
2021-05-11,155.64999389648438,160.89999389648438,153.67999267578125,160.5,158.57862854003906,600900
2021-05-12,158.5,159.5,154.08999633789062,154.60000610351562,152.74925231933594,1022300
2021-05-13,158.0500030517578,160.72000122070312,155.25,157.69000244140625,155.80227661132812,681900
2021-05-14,159.1300048828125,164.99000549316406,158.86000061035156,163.80999755859375,161.84898376464844,820200
2021-05-17,162.5,163.80999755859375,155.49000549316406,157.7899932861328,155.9010467529297,1032500
2021-05-18,158.9499969482422,161.89999389648438,156.9199981689453,159.35000610351562,157.4423828125,904900
2021-05-19,155.0,157.75,152.5800018310547,156.97999572753906,155.10076904296875,735800
2021-05-20,156.66000366210938,158.3000030517578,154.44000244140625,157.99000549316406,156.09866333007812,721700
2021-05-21,159.44000244140625,162.27000427246094,158.85000610351562,159.5800018310547,157.6696319580078,1082800
2021-05-24,160.5500030517578,160.8000030517578,154.22999572753906,159.58999633789062,157.6795196533203,553500
2021-05-25,160.44000244140625,161.77000427246094,157.47999572753906,158.02000427246094,156.12831115722656,801200
2021-05-26,158.02000427246094,162.24000549316406,157.97999572753906,162.1999969482422,160.2582550048828,573900
2021-05-27,164.02000427246094,169.6999969482422,162.3699951171875,168.55999755859375,166.54214477539062,2357400
2021-05-28,168.49000549316406,169.16000366210938,165.22000122070312,167.0800018310547,165.07984924316406,749800
2021-06-01,170.0,173.7899932861328,169.5,171.42999267578125,169.37777709960938,1281300
2021-06-02,171.0399932861328,172.24000549316406,168.74000549316406,170.36000061035156,168.3206024169922,649900
2021-06-03,168.9499969482422,170.0,165.77999877929688,168.1699981689453,166.1568145751953,537600
2021-06-04,169.05999755859375,173.83999633789062,168.89999389648438,173.5399932861328,171.46250915527344,634100
2021-06-07,174.0,174.2100067138672,168.52999877929688,170.77999877929688,168.7355499267578,758600
2021-06-08,171.3000030517578,177.5800018310547,170.64999389648438,176.00999450683594,173.90293884277344,819800
2021-06-09,175.3699951171875,176.07000732421875,173.47000122070312,174.3699951171875,172.2825927734375,914300
2021-06-10,174.2899932861328,174.2899932861328,167.33999633789062,167.77999877929688,166.14306640625,786300
2021-06-11,168.9199981689453,170.38999938964844,167.55999755859375,170.17999267578125,168.51963806152344,680800
2021-06-14,169.6300048828125,170.38999938964844,167.2100067138672,168.33999633789062,166.6975860595703,473600
2021-06-15,168.5,168.72999572753906,162.9499969482422,166.02999877929688,164.41017150878906,998100
2021-06-16,165.08999633789062,166.41000366210938,162.75999450683594,165.27999877929688,163.66746520996094,706100
2021-06-17,164.14999389648438,164.91000366210938,159.1699981689453,163.8699951171875,162.27122497558594,1231700
2021-06-18,160.4600067138672,162.64999389648438,157.82000732421875,157.97000122070312,156.4287872314453,1348200
2021-06-21,159.92999267578125,162.52000427246094,159.4499969482422,161.41000366210938,159.83522033691406,1026900
2021-06-22,161.39999389648438,162.4199981689453,158.9199981689453,161.5800018310547,160.0035400390625,803500
2021-06-23,162.67999267578125,165.85000610351562,162.67999267578125,163.6699981689453,162.07315063476562,701100
2021-06-24,166.2899932861328,166.2899932861328,163.00999450683594,165.97000122070312,164.35073852539062,840600
2021-06-25,167.94000244140625,169.86000061035156,166.10000610351562,166.77000427246094,165.1429443359375,1648700
2021-06-28,167.8300018310547,170.9499969482422,165.97000122070312,169.0500030517578,167.40069580078125,670700
2021-06-29,170.0,170.52999877929688,166.85000610351562,167.5399932861328,165.9053955078125,606000
2021-06-30,166.66000366210938,168.60000610351562,166.3699951171875,168.4600067138672,166.81643676757812,589300
2021-07-01,170.0,172.24000549316406,169.3699951171875,172.02999877929688,170.35159301757812,677000
2021-07-02,172.13999938964844,172.52000427246094,169.88999938964844,170.64999389648438,168.9850616455078,501300
2021-07-06,171.0,171.16000366210938,166.57000732421875,168.55999755859375,166.91546630859375,665800
2021-07-07,168.0,171.60000610351562,166.7899932861328,170.0399932861328,168.3810272216797,741100
2021-07-08,165.69000244140625,168.4499969482422,163.1999969482422,167.91000366210938,166.2718048095703,731500
2021-07-09,170.5,176.32000732421875,169.5,175.50999450683594,173.7976531982422,1314100
2021-07-12,176.7100067138672,192.77000427246094,176.00999450683594,187.49000549316406,185.66079711914062,3652500
2021-07-13,185.89999389648438,188.99000549316406,184.0500030517578,184.86000061035156,183.0564422607422,1098900
2021-07-14,185.5,190.52999877929688,181.33999633789062,182.52000427246094,180.73924255371094,1126600
2021-07-15,182.64999389648438,190.32000732421875,182.64999389648438,185.8300018310547,184.0169677734375,1478700
2021-07-16,187.0,188.94000244140625,179.4600067138672,180.66000366210938,178.89743041992188,978100
2021-07-19,174.1999969482422,179.64999389648438,170.24000549316406,178.0800018310547,176.3425750732422,1756500
2021-07-20,179.0,188.7100067138672,178.57000732421875,187.25,185.42311096191406,1268200
2021-07-21,194.0,198.3300018310547,189.22999572753906,190.22000122070312,188.36415100097656,1826100
2021-07-22,191.94000244140625,194.3300018310547,189.2899932861328,192.75999450683594,190.87936401367188,811300
2021-07-23,192.07000732421875,193.67999267578125,186.25,190.35000610351562,188.4928741455078,905500
2021-07-26,191.0,194.9199981689453,190.52000427246094,194.83999633789062,192.93905639648438,1038200
2021-07-27,191.57000732421875,191.99000549316406,184.9499969482422,188.99000549316406,187.14614868164062,1197000
2021-07-28,190.00999450683594,195.5,189.3800048828125,194.5399932861328,192.64199829101562,774900
2021-07-29,197.19000244140625,211.0,195.80999755859375,202.82000732421875,200.84120178222656,2550000
2021-07-30,202.82000732421875,207.58999633789062,201.50999450683594,206.0399932861328,204.02980041503906,1556400
2021-08-02,208.36000061035156,208.9600067138672,204.6300048828125,206.89999389648438,204.88140869140625,1109900
2021-08-03,204.7899932861328,207.80999755859375,201.5500030517578,206.97999572753906,204.96063232421875,1046900
2021-08-04,209.10000610351562,212.0399932861328,206.07000732421875,206.83999633789062,204.82199096679688,1153700
2021-08-05,209.86000061035156,226.22000122070312,208.30999755859375,218.6199951171875,216.487060546875,2505200
2021-08-06,221.0,227.38999938964844,215.02000427246094,226.7100067138672,224.4981231689453,1651300
2021-08-09,224.7100067138672,232.52999877929688,220.0800018310547,231.3800048828125,229.12255859375,1425200
2021-08-10,232.3000030517578,242.00999450683594,232.3000030517578,239.02999877929688,236.6979217529297,1977900
2021-08-11,240.0,242.07000732421875,227.74000549316406,235.99000549316406,233.68760681152344,1916300
2021-08-12,235.61000061035156,237.55999755859375,230.4199981689453,236.5399932861328,234.23220825195312,1089600
2021-08-13,237.9600067138672,239.9600067138672,233.14999389648438,235.22000122070312,232.9250946044922,849200
2021-08-16,232.4499969482422,232.4499969482422,221.35000610351562,225.89999389648438,223.69602966308594,2147800
2021-08-17,221.3800048828125,223.75,210.75999450683594,216.4499969482422,214.33822631835938,2133000
2021-08-18,217.30999755859375,221.67999267578125,215.14999389648438,217.72999572753906,215.60572814941406,946100
2021-08-19,211.10000610351562,217.07000732421875,210.52000427246094,213.35000610351562,211.2684783935547,1361800
2021-08-20,213.82000732421875,220.50999450683594,213.72999572753906,219.67999267578125,217.53671264648438,1116800
2021-08-23,225.1300048828125,230.24000549316406,222.57000732421875,227.94000244140625,225.7161407470703,1550100
2021-08-24,228.1300048828125,229.3000030517578,222.0500030517578,229.1999969482422,226.9638214111328,1208600
2021-08-25,229.5500030517578,240.5399932861328,227.5,234.1699981689453,231.8853302001953,1834600
2021-08-26,232.89999389648438,236.39999389648438,230.4499969482422,230.6999969482422,228.44920349121094,908400
2021-08-27,232.69000244140625,237.85000610351562,232.69000244140625,236.64999389648438,234.34115600585938,985000
2021-08-30,240.7100067138672,244.42999267578125,236.8800048828125,236.97999572753906,234.6679229736328,1119600
2021-08-31,237.00999450683594,237.10000610351562,230.5800018310547,236.74000549316406,234.43026733398438,833100
2021-09-01,236.74000549316406,241.3000030517578,233.66000366210938,239.1999969482422,236.8662872314453,924000
2021-09-02,240.0,248.7100067138672,240.0,244.02999877929688,241.64915466308594,1092800
2021-09-03,243.4600067138672,245.5399932861328,239.66000366210938,241.86000061035156,239.5003204345703,860500
2021-09-07,241.0,241.8699951171875,238.13999938964844,238.77999877929688,236.45034790039062,1042300
2021-09-08,243.75,243.75,235.33999633789062,239.27999877929688,236.94546508789062,1203200
2021-09-09,238.0,247.92999267578125,237.72999572753906,243.41000366210938,241.03521728515625,1172100
2021-09-10,249.83999633789062,253.10000610351562,240.97000122070312,241.1699981689453,238.81704711914062,1536200
2021-09-13,242.92999267578125,243.25,222.4499969482422,229.1300048828125,226.89450073242188,2522900
2021-09-14,232.1999969482422,235.0,228.74000549316406,230.47000122070312,228.221435546875,1322400
2021-09-15,230.55999755859375,236.60000610351562,230.41000366210938,233.97999572753906,231.6971893310547,1469300
2021-09-16,232.3000030517578,232.55999755859375,225.35000610351562,231.25,229.37615966796875,1323100
2021-09-17,228.44000244140625,230.0,223.75,226.85000610351562,225.01181030273438,2097300
2021-09-20,216.64999389648438,218.0,210.24000549316406,215.47999572753906,213.7339324951172,2246600
2021-09-21,218.63999938964844,220.35000610351562,213.52999877929688,216.49000549316406,214.7357635498047,1008900
2021-09-22,219.6999969482422,226.63999938964844,217.02000427246094,223.27999877929688,221.47073364257812,904500
2021-09-23,226.88999938964844,232.24000549316406,226.88999938964844,229.14999389648438,227.2931671142578,1055100
2021-09-24,227.88999938964844,229.6699981689453,224.72000122070312,226.39999389648438,224.5654296875,704200
2021-09-27,225.99000549316406,226.67999267578125,220.02999877929688,222.25,220.44908142089844,843700
2021-09-28,219.00999450683594,219.94000244140625,215.05999755859375,216.4499969482422,214.69607543945312,984200
2021-09-29,218.80999755859375,220.9199981689453,216.39999389648438,218.97000122070312,217.19564819335938,740400
2021-09-30,223.63999938964844,228.85000610351562,218.83999633789062,218.97000122070312,217.19564819335938,1019700
2021-10-01,219.47000122070312,221.6300048828125,210.49000549316406,218.88999938964844,217.11631774902344,1116200
2021-10-04,219.0,220.0500030517578,212.61000061035156,215.2100067138672,213.4661407470703,1015800
2021-10-05,217.02000427246094,223.82000732421875,215.14999389648438,222.38999938964844,220.5879364013672,1049600
2021-10-06,220.0,222.77000427246094,214.55999755859375,222.3699951171875,220.56808471679688,1005800
2021-10-07,226.0,226.94000244140625,221.89999389648438,222.3000030517578,220.49867248535156,641000
2021-10-08,221.97999572753906,222.75999450683594,213.55999755859375,215.05999755859375,213.31735229492188,1260600
2021-10-11,215.10000610351562,219.17999267578125,213.89999389648438,214.16000366210938,212.4246368408203,743100
2021-10-12,217.9600067138672,218.9499969482422,214.8699951171875,216.8699951171875,215.1126708984375,707300
2021-10-13,218.5,226.22000122070312,217.89999389648438,223.66000366210938,221.84765625,1016400
2021-10-14,225.0500030517578,232.3800048828125,225.0399932861328,231.3300018310547,229.4555206298828,1127900
2021-10-15,233.58999633789062,234.5399932861328,228.6199951171875,228.77000427246094,226.916259765625,908300
2021-10-18,227.83999633789062,237.8699951171875,227.5399932861328,236.91000366210938,234.99029541015625,1223100
2021-10-19,243.77000427246094,244.36000061035156,233.07000732421875,235.9499969482422,234.03807067871094,1069900
2021-10-20,238.38999938964844,238.99000549316406,232.6300048828125,235.1699981689453,233.26438903808594,911700
2021-10-21,233.9199981689453,235.8000030517578,230.39999389648438,234.16000366210938,232.2625732421875,656500
2021-10-22,235.47999572753906,237.69000244140625,230.92999267578125,231.50999450683594,229.63404846191406,761800
2021-10-25,234.89999389648438,243.0,232.13999938964844,239.44000244140625,237.49978637695312,1600500
2021-10-26,239.44000244140625,242.14999389648438,234.0,236.16000366210938,234.24636840820312,1121200
2021-10-27,236.6999969482422,238.63999938964844,230.6300048828125,231.75,229.87210083007812,1140400
2021-10-28,233.25999450683594,246.2100067138672,232.75,246.2100067138672,244.2149200439453,1569900
2021-10-29,239.75,251.8000030517578,236.08999633789062,250.47000122070312,248.44041442871094,4261200
2021-11-01,256.0,259.17999267578125,249.58999633789062,255.8699951171875,253.79666137695312,1638100
2021-11-02,256.0,260.989990234375,251.5500030517578,260.0199890136719,257.91302490234375,1631500
2021-11-03,258.489990234375,263.5,255.49000549316406,261.95001220703125,259.827392578125,1172500
2021-11-04,273.7699890136719,276.0,264.04998779296875,272.6600036621094,270.45062255859375,1841800
2021-11-05,273.7900085449219,274.989990234375,267.4800109863281,272.510009765625,270.3018493652344,990800
2021-11-08,275.79998779296875,279.95001220703125,272.6199951171875,278.5199890136719,276.2630920410156,1234600
2021-11-09,280.0,282.8699951171875,271.07000732421875,274.57000732421875,272.3451232910156,1051000
2021-11-10,269.8900146484375,274.0799865722656,263.57000732421875,265.75,263.5965881347656,1331100
2021-11-11,266.57000732421875,273.3800048828125,263.9599914550781,272.30999755859375,270.1034240722656,785700
2021-11-12,272.489990234375,276.6199951171875,270.1000061035156,276.3999938964844,274.1602783203125,767700
2021-11-15,275.8299865722656,276.5299987792969,265.32000732421875,271.2900085449219,269.0917053222656,946100
2021-11-16,269.55999755859375,273.489990234375,267.0299987792969,272.4700012207031,270.26214599609375,674400
2021-11-17,273.20001220703125,275.8999938964844,270.25,273.3900146484375,271.1746826171875,603300
2021-11-18,277.0,278.239990234375,269.5899963378906,274.6600036621094,272.4344177246094,823400
2021-11-19,274.04998779296875,282.54998779296875,272.8800048828125,281.42999267578125,279.1495361328125,1028800
2021-11-22,287.260009765625,291.4800109863281,281.1000061035156,283.79998779296875,281.5003356933594,2346100
2021-11-23,282.0,286.489990234375,271.0400085449219,275.1600036621094,272.9303283691406,1329500
2021-11-24,272.2799987792969,275.0,267.1099853515625,274.4800109863281,272.2558288574219,974400
2021-11-26,265.0,269.67999267578125,262.8399963378906,266.8500061035156,264.68768310546875,884300
2021-11-29,271.2900085449219,277.4700012207031,268.20001220703125,275.8900146484375,273.6544189453125,1004800
2021-11-30,275.0,277.5899963378906,264.29998779296875,266.489990234375,264.33056640625,1377500
2021-12-01,270.010009765625,276.0,259.79998779296875,259.8500061035156,257.744384765625,1247400
2021-12-02,261.0,264.8999938964844,255.35000610351562,261.3900146484375,259.27191162109375,1204300
2021-12-03,262.260009765625,267.80999755859375,247.1199951171875,251.47000122070312,249.43231201171875,1623500
2021-12-06,251.9499969482422,252.69000244140625,239.11000061035156,248.5399932861328,246.52603149414062,1036000
2021-12-07,253.25999450683594,263.19000244140625,253.25999450683594,259.5299987792969,257.427001953125,888200
2021-12-08,261.0,265.8599853515625,258.69000244140625,264.6400146484375,262.4955749511719,832600
2021-12-09,261.44000244140625,266.489990234375,257.29998779296875,257.4700012207031,255.38369750976562,682200
2021-12-10,260.510009765625,263.55999755859375,257.2200012207031,262.8699951171875,260.7399597167969,667500
2021-12-13,263.0,263.0799865722656,247.9499969482422,248.8000030517578,246.783935546875,1101600
2021-12-14,245.94000244140625,247.64999389648438,239.7100067138672,243.8300018310547,241.85421752929688,1207700
2021-12-15,229.32000732421875,240.47999572753906,226.94000244140625,239.7899932861328,237.84695434570312,1854800
2021-12-16,242.69000244140625,243.0,228.39999389648438,230.9199981689453,229.42196655273438,1470100
2021-12-17,227.07000732421875,232.52000427246094,222.25999450683594,229.8699951171875,228.37876892089844,2350400
2021-12-20,220.11000061035156,223.1699981689453,215.67999267578125,218.1300048828125,216.71495056152344,1703200
2021-12-21,222.4199981689453,225.0,219.77000427246094,224.14999389648438,222.6958770751953,805800
2021-12-22,224.0,228.92999267578125,223.4199981689453,225.22999572753906,223.7688751220703,779100
2021-12-23,225.69000244140625,229.47999572753906,223.1699981689453,227.89999389648438,226.4215545654297,810000
2021-12-27,229.5399932861328,233.33999633789062,227.5,233.10000610351562,231.58782958984375,593400
2021-12-28,236.11000061035156,236.7100067138672,231.02000427246094,232.8000030517578,231.28976440429688,704600
2021-12-29,231.5,232.91000366210938,227.07000732421875,232.52999877929688,231.02151489257812,573800
2021-12-30,231.0,237.22000122070312,231.0,234.35000610351562,232.8297119140625,610200
2021-12-31,234.00999450683594,237.1300048828125,233.47000122070312,233.77000427246094,232.25347900390625,380300
2022-01-03,236.72999572753906,239.0500030517578,229.39999389648438,236.6699981689453,235.13465881347656,1130500
2022-01-04,239.02000427246094,247.9499969482422,238.47000122070312,242.5800018310547,241.00633239746094,1142500
2022-01-05,240.0,247.42999267578125,235.3800048828125,235.63999938964844,234.11134338378906,1072100
2022-01-06,234.0,235.6699981689453,227.1699981689453,233.3800048828125,231.8660125732422,1002400
2022-01-07,234.00999450683594,238.8699951171875,231.72999572753906,236.02000427246094,234.48887634277344,795700
2022-01-10,231.0,233.0,220.0800018310547,226.97000122070312,225.49758911132812,1105400
2022-01-11,227.66000366210938,240.89999389648438,227.14999389648438,240.1699981689453,238.6119384765625,987000
2022-01-12,245.0,248.0,239.57000732421875,241.07000732421875,239.50613403320312,1143300
2022-01-13,242.9600067138672,246.7899932861328,234.52000427246094,235.22999572753906,233.70399475097656,610700
2022-01-14,232.0,235.8800048828125,228.92999267578125,233.6699981689453,232.15411376953125,557100
2022-01-18,230.97000122070312,232.27000427246094,224.32000732421875,226.3000030517578,224.83193969726562,773900
2022-01-19,227.82000732421875,229.19000244140625,219.5800018310547,219.69000244140625,218.2648162841797,705600
2022-01-20,220.69000244140625,227.27000427246094,214.8000030517578,217.14999389648438,215.7412872314453,1190800
2022-01-21,214.0399932861328,219.49000549316406,207.74000549316406,212.75,211.36984252929688,1345200
2022-01-24,205.9600067138672,212.77999877929688,197.13999938964844,211.9199981689453,210.5452117919922,1994700
2022-01-25,208.11000061035156,210.83999633789062,204.13999938964844,206.00999450683594,204.67355346679688,1231900
2022-01-26,211.5500030517578,214.64999389648438,202.55999755859375,205.6199951171875,204.28610229492188,1082600
2022-01-27,212.8300018310547,214.88999938964844,203.22000122070312,205.42999267578125,204.09732055664062,942500
2022-01-28,204.8300018310547,206.4499969482422,197.0,206.22999572753906,204.8921356201172,819500
2022-01-31,207.0,220.9600067138672,207.0,220.74000549316406,219.30801391601562,1137000
2022-02-01,227.55999755859375,229.41000366210938,219.85000610351562,225.1999969482422,223.7390899658203,916700
2022-02-02,225.91000366210938,226.9600067138672,220.97000122070312,221.49000549316406,220.0531463623047,818600
2022-02-03,218.0,220.99000549316406,214.5800018310547,215.05999755859375,213.66485595703125,654300
2022-02-04,214.5,219.0,213.4499969482422,216.02000427246094,214.61862182617188,720600
2022-02-07,217.4600067138672,223.8800048828125,217.22000122070312,219.77999877929688,218.35423278808594,780100
2022-02-08,218.92999267578125,227.41000366210938,218.2899932861328,226.69000244140625,225.2194061279297,1128400
2022-02-09,231.0800018310547,237.82000732421875,231.0800018310547,236.42999267578125,234.89622497558594,972400
2022-02-10,233.4499969482422,244.30999755859375,232.14999389648438,236.0399932861328,234.5087432861328,795700
2022-02-11,233.47000122070312,239.08999633789062,228.61000061035156,230.88999938964844,229.3921661376953,1009800
2022-02-14,230.17999267578125,233.8800048828125,224.91000366210938,227.67999267578125,226.20298767089844,875100
2022-02-15,232.1199951171875,242.8699951171875,232.1199951171875,241.38999938964844,239.8240509033203,1042100
2022-02-16,241.00999450683594,247.97999572753906,236.1999969482422,246.0,244.4041290283203,1394800
2022-02-17,218.49000549316406,221.0,194.8300018310547,197.02000427246094,195.7418975830078,6180600
2022-02-18,200.02000427246094,201.41000366210938,187.00999450683594,190.75999450683594,189.52249145507812,3060900
2022-02-22,189.10000610351562,199.6300048828125,188.60000610351562,191.85000610351562,190.6054229736328,1635500
2022-02-23,193.0,196.1199951171875,180.82000732421875,182.0,180.8193359375,1644000
2022-02-24,172.25999450683594,184.9600067138672,169.92999267578125,184.1999969482422,183.00503540039062,1979800
2022-02-25,184.39999389648438,192.0,180.17999267578125,191.9499969482422,190.7047576904297,1135300
2022-02-28,192.60000610351562,200.8800048828125,190.52999877929688,195.88999938964844,194.6192169189453,1583600
2022-03-01,194.47999572753906,196.94000244140625,184.24000549316406,186.44000244140625,185.23052978515625,992000
2022-03-02,189.14999389648438,192.11000061035156,183.77000427246094,191.1199951171875,189.88015747070312,840600
2022-03-03,193.5,194.8300018310547,184.50999450683594,186.3300018310547,185.12123107910156,1071900
2022-03-04,182.99000549316406,184.75999450683594,174.72000122070312,179.07000732421875,177.90834045410156,1313900
2022-03-07,180.5800018310547,181.80999755859375,171.13999938964844,172.08999633789062,170.97361755371094,1051400
2022-03-08,171.52999877929688,184.6199951171875,170.00999450683594,180.74000549316406,179.56748962402344,1463500
2022-03-09,188.5399932861328,189.92999267578125,182.22999572753906,187.1300048828125,185.91603088378906,1332400
2022-03-10,184.6199951171875,189.30999755859375,183.50999450683594,188.3699951171875,187.14797973632812,785600
2022-03-11,188.77000427246094,191.4499969482422,184.63999938964844,184.75999450683594,183.5614013671875,769600
2022-03-14,184.8699951171875,186.1699981689453,175.25999450683594,176.2899932861328,175.1463623046875,973200
2022-03-15,175.36000061035156,182.6999969482422,172.77999877929688,181.9499969482422,180.76963806152344,834400
2022-03-16,185.8699951171875,193.97999572753906,185.75999450683594,191.25,190.0093231201172,890700
2022-03-17,187.83999633789062,196.60000610351562,187.83999633789062,196.3699951171875,195.49986267089844,706600
2022-03-18,196.64999389648438,199.07000732421875,194.64999389648438,198.24000549316406,197.36160278320312,1347100
2022-03-21,199.02000427246094,200.6300048828125,193.0,198.67999267578125,197.7996368408203,818500
2022-03-22,198.97999572753906,206.35000610351562,197.91000366210938,205.60000610351562,204.68899536132812,990600
2022-03-23,203.2100067138672,212.22000122070312,202.66000366210938,208.2100067138672,207.28741455078125,903500
2022-03-24,208.0,214.67999267578125,206.47999572753906,214.14999389648438,213.20108032226562,753000
2022-03-25,214.11000061035156,218.02000427246094,212.4199981689453,217.5800018310547,216.61590576171875,836300
2022-03-28,217.41000366210938,218.97000122070312,210.3300018310547,214.33999633789062,213.39024353027344,832800
2022-03-29,218.0,223.88999938964844,214.1300048828125,222.47999572753906,221.4941864013672,859500
2022-03-30,220.8800048828125,226.60000610351562,219.4199981689453,223.14999389648438,222.1612091064453,934100
2022-03-31,222.3300018310547,230.0,221.07000732421875,221.14999389648438,220.17007446289062,1141500
2022-04-01,224.0,228.3800048828125,222.3800048828125,224.9199981689453,223.92337036132812,864500
2022-04-04,224.13999938964844,226.36000061035156,220.13999938964844,226.0399932861328,225.0384063720703,744000
2022-04-05,226.99000549316406,228.25999450683594,217.0800018310547,217.3000030517578,216.33712768554688,1136100
2022-04-06,215.9499969482422,215.9499969482422,205.50999450683594,211.47000122070312,210.53297424316406,1381700
2022-04-07,212.0,215.0,205.82000732421875,211.85000610351562,210.91128540039062,847200
2022-04-08,212.66000366210938,214.69000244140625,206.1999969482422,211.0,210.06504821777344,736900
2022-04-11,207.33999633789062,209.14999389648438,201.4600067138672,206.0,205.0872039794922,1054000
2022-04-12,208.6999969482422,212.99000549316406,202.47999572753906,205.02000427246094,204.11154174804688,710100
2022-04-13,206.77000427246094,212.6999969482422,206.02000427246094,212.5,211.55841064453125,517400
2022-04-14,212.97000122070312,215.22000122070312,210.22000122070312,210.88999938964844,209.95553588867188,572600
2022-04-18,210.85000610351562,213.44000244140625,208.44000244140625,209.6699981689453,208.74095153808594,565900
2022-04-19,210.13999938964844,218.72999572753906,207.1699981689453,218.14999389648438,217.18336486816406,718300
2022-04-20,221.6699981689453,222.2100067138672,215.5800018310547,217.19000244140625,216.22763061523438,774000
2022-04-21,220.97999572753906,222.6999969482422,206.10000610351562,207.24000549316406,206.3217315673828,1190600
2022-04-22,207.52000427246094,210.6999969482422,200.3699951171875,200.63999938964844,199.75096130371094,877300
2022-04-25,198.10000610351562,200.19000244140625,191.10000610351562,198.4600067138672,197.58062744140625,1530000
2022-04-26,197.0399932861328,198.5,187.6300048828125,187.75999450683594,186.9280242919922,1013000
2022-04-27,187.36000061035156,196.3800048828125,187.36000061035156,192.22999572753906,191.37820434570312,1006900
2022-04-28,194.19000244140625,196.2899932861328,187.77999877929688,195.25999450683594,194.39480590820312,942300
2022-04-29,195.36000061035156,202.05999755859375,191.8000030517578,192.8300018310547,191.97557067871094,986900
2022-05-02,191.92999267578125,194.35000610351562,185.14999389648438,191.4199981689453,190.57180786132812,1020600
2022-05-03,190.57000732421875,198.44000244140625,190.3699951171875,197.1199951171875,196.24655151367188,928300
2022-05-04,210.89999389648438,215.47000122070312,204.3000030517578,215.47000122070312,214.51524353027344,2090100
2022-05-05,238.0,243.17999267578125,221.33999633789062,236.5,235.4520721435547,3740500
2022-05-06,235.5,242.91000366210938,228.0,242.41000366210938,241.33587646484375,2321100
2022-05-09,238.0,239.39999389648438,220.77000427246094,221.63999938964844,220.6579132080078,2422200
2022-05-10,227.17999267578125,229.5,213.5,221.42999267578125,220.44883728027344,1907400
2022-05-11,221.0,227.9499969482422,212.6300048828125,213.02999877929688,212.0860595703125,1203900
2022-05-12,212.0500030517578,218.0,204.50999450683594,213.4499969482422,212.5041961669922,1387900
2022-05-13,217.3000030517578,231.2100067138672,215.5,228.82000732421875,227.80609130859375,1078500
2022-05-16,226.0800018310547,233.9600067138672,223.6699981689453,226.32000732421875,225.31716918945312,974500
2022-05-17,232.49000549316406,239.3300018310547,231.22999572753906,239.22999572753906,238.16995239257812,1141400
2022-05-18,237.1199951171875,244.89999389648438,234.08999633789062,235.97999572753906,234.9343719482422,1109200
2022-05-19,234.67999267578125,243.1199951171875,233.8800048828125,239.0800018310547,238.0206298828125,1067900
2022-05-20,241.66000366210938,243.1199951171875,228.10000610351562,236.44000244140625,235.392333984375,1120100
2022-05-23,240.0,243.6300048828125,235.47999572753906,242.94000244140625,241.86354064941406,1003400
2022-05-24,243.27999877929688,249.89999389648438,237.4199981689453,243.14999389648438,242.0725860595703,2202500
2022-05-25,243.99000549316406,247.19000244140625,232.38999938964844,237.50999450683594,236.45758056640625,1532600
2022-05-26,239.13999938964844,258.2900085449219,237.30999755859375,255.0500030517578,253.91986083984375,2265500
2022-05-27,259.0,273.67999267578125,257.57000732421875,270.9200134277344,269.7195739746094,1952600
2022-05-31,265.0899963378906,265.760009765625,254.25999450683594,260.4200134277344,259.26611328125,2705900
2022-06-01,252.5,253.58999633789062,232.75,240.1199951171875,239.0560302734375,3401900
2022-06-02,233.58999633789062,251.47999572753906,233.0,251.2899932861328,250.17652893066406,1657700
2022-06-03,246.07000732421875,251.8300018310547,245.27999877929688,250.75999450683594,249.64886474609375,927500
2022-06-06,254.22999572753906,259.760009765625,253.0,257.7900085449219,256.6477355957031,1281000
2022-06-07,254.41000366210938,258.82000732421875,252.5,257.8900146484375,256.747314453125,986000
2022-06-08,256.82000732421875,259.8699951171875,251.3000030517578,253.6199951171875,252.49620056152344,864200
2022-06-09,251.17999267578125,252.14999389648438,241.47999572753906,241.77999877929688,241.08413696289062,1211000
2022-06-10,238.88999938964844,241.14999389648438,234.89999389648438,236.8699951171875,236.1882781982422,1096100
2022-06-13,228.22000122070312,229.08999633789062,219.10000610351562,222.22000122070312,221.5804443359375,1652500
2022-06-14,223.4600067138672,228.16000366210938,221.02999877929688,223.3300018310547,222.68724060058594,1033100
2022-06-15,225.8000030517578,225.97999572753906,210.8800048828125,215.0800018310547,214.46099853515625,1951800
2022-06-16,209.1999969482422,209.57000732421875,198.6699981689453,202.1699981689453,201.588134765625,2158500
2022-06-17,203.10000610351562,213.5399932861328,200.35000610351562,212.0399932861328,211.4297332763672,2401400
2022-06-21,217.14999389648438,218.9600067138672,213.3800048828125,216.3300018310547,215.7073974609375,1347800
2022-06-22,209.4499969482422,220.6999969482422,208.3699951171875,216.24000549316406,215.61766052246094,1243200
2022-06-23,217.02999877929688,219.60000610351562,209.30999755859375,213.6199951171875,213.00518798828125,1163100
2022-06-24,216.75,226.58999633789062,214.41000366210938,224.7899932861328,224.14303588867188,2392000
2022-06-27,221.63999938964844,228.58999633789062,221.00999450683594,226.6199951171875,225.96775817871094,1238400
2022-06-28,226.0,232.77999877929688,222.22000122070312,223.19000244140625,222.5476531982422,1586100
2022-06-29,222.16000366210938,223.1300048828125,208.63999938964844,211.88999938964844,211.28016662597656,1405600
2022-06-30,207.9600067138672,211.9499969482422,203.86000061035156,208.97999572753906,208.3785400390625,1250700
2022-07-01,205.67999267578125,208.77999877929688,200.4499969482422,205.14999389648438,204.5595703125,1003000
2022-07-05,201.22000122070312,201.22000122070312,195.0800018310547,200.42999267578125,199.8531494140625,1203300
2022-07-06,200.13999938964844,202.16000366210938,193.6999969482422,198.3000030517578,197.72927856445312,1486500
2022-07-07,203.67999267578125,206.50999450683594,202.33999633789062,203.0,202.41575622558594,1594100
2022-07-08,203.5500030517578,208.5500030517578,200.27999877929688,205.92999267578125,205.33731079101562,907900
2022-07-11,201.67999267578125,202.25999450683594,197.19000244140625,199.82000732421875,199.2449188232422,897700
2022-07-12,197.74000549316406,199.58999633789062,193.16000366210938,195.82000732421875,195.2564239501953,938500
2022-07-13,191.60000610351562,198.11000061035156,189.25,196.0,195.43589782714844,881900
2022-07-14,192.6699981689453,196.75999450683594,190.17999267578125,196.66000366210938,196.09400939941406,992300
2022-07-15,200.35000610351562,201.50999450683594,195.3300018310547,200.6999969482422,200.12237548828125,912500
2022-07-18,206.25,208.2100067138672,202.5500030517578,203.8800048828125,203.29322814941406,940300
2022-07-19,207.86000061035156,212.30999755859375,207.00999450683594,211.52000427246094,210.91123962402344,780900
2022-07-20,213.77999877929688,220.52000427246094,210.6300048828125,219.50999450683594,218.87823486328125,933400
2022-07-21,219.5,226.07000732421875,219.25,225.60000610351562,224.95071411132812,865200
2022-07-22,228.0,228.27000427246094,220.24000549316406,221.4600067138672,220.8226318359375,707700
2022-07-25,221.5800018310547,227.7899932861328,217.16000366210938,227.57000732421875,226.9150390625,720600
2022-07-26,228.27000427246094,229.1199951171875,224.44000244140625,225.10000610351562,224.4521484375,881500
2022-07-27,228.33999633789062,235.6699981689453,225.0399932861328,234.2899932861328,233.61569213867188,786900
2022-07-28,237.08999633789062,239.05999755859375,232.58999633789062,236.32000732421875,235.63986206054688,1084000
2022-07-29,238.5,245.7100067138672,237.0,244.30999755859375,243.6068572998047,1506600
2022-08-01,242.5,243.9499969482422,237.47000122070312,239.9600067138672,239.26939392089844,957300
2022-08-02,239.0,246.6199951171875,238.63999938964844,243.88999938964844,243.18807983398438,1025400
2022-08-03,246.0,246.0,234.1699981689453,239.5399932861328,238.8505859375,1407700
2022-08-04,246.1999969482422,250.14999389648438,230.02000427246094,234.88999938964844,234.21397399902344,2192000
2022-08-05,232.22999572753906,243.8000030517578,231.77000427246094,237.99000549316406,237.3050537109375,1428000
2022-08-08,243.5399932861328,253.57000732421875,242.9600067138672,244.83999633789062,244.13534545898438,1468800
2022-08-09,244.6300048828125,247.97000122070312,241.07000732421875,244.66000366210938,243.9558563232422,762000
2022-08-10,249.99000549316406,259.3999938964844,248.67999267578125,259.29998779296875,258.5537109375,1359900
2022-08-11,263.0899963378906,272.45001220703125,263.0899963378906,265.70001220703125,264.935302734375,1983300
2022-08-12,267.0,281.6499938964844,266.45001220703125,281.57000732421875,280.7596435546875,1995700
2022-08-15,276.5799865722656,289.0899963378906,276.2099914550781,284.0799865722656,283.26239013671875,1793900
2022-08-16,283.4700012207031,284.54998779296875,276.8800048828125,280.80999755859375,280.0018310546875,1297800
2022-08-17,275.5,283.6099853515625,273.8999938964844,277.6199951171875,276.82098388671875,987700
2022-08-18,278.8999938964844,282.010009765625,275.9200134277344,279.510009765625,278.70556640625,1070700
2022-08-19,275.9200134277344,276.0,266.29998779296875,270.0199890136719,269.24285888671875,1223700
2022-08-22,265.0,277.1000061035156,263.3500061035156,275.70001220703125,274.90655517578125,1454300
2022-08-23,277.5899963378906,283.9100036621094,276.20001220703125,281.0299987792969,280.2211608886719,1038700
2022-08-24,282.0,288.6000061035156,280.010009765625,287.8800048828125,287.0514831542969,795200
2022-08-25,290.5899963378906,298.1700134277344,290.1499938964844,295.67999267578125,294.8290100097656,1370000
2022-08-26,296.1099853515625,296.5400085449219,286.5199890136719,288.1600036621094,287.3306579589844,920700
2022-08-29,282.8699951171875,290.3399963378906,280.3500061035156,284.9700012207031,284.14984130859375,744300
2022-08-30,286.80999755859375,288.0,271.6099853515625,272.7699890136719,271.9849548339844,1913400
2022-08-31,272.760009765625,273.0899963378906,267.3699951171875,267.9599914550781,267.18878173828125,1558200
2022-09-01,264.2699890136719,264.2699890136719,249.5800018310547,256.9599914550781,256.2204284667969,1725600
2022-09-02,262.8399963378906,265.9599914550781,257.7699890136719,259.8800048828125,259.1320495605469,1194600
2022-09-06,268.989990234375,270.5,258.7200012207031,266.70001220703125,265.93243408203125,1411900
2022-09-07,265.05999755859375,279.67999267578125,264.4700012207031,279.20001220703125,278.3964538574219,1386900
2022-09-08,277.69000244140625,292.2900085449219,276.9800109863281,291.42999267578125,290.59124755859375,1635200
2022-09-09,295.0,302.5400085449219,295.0,300.3699951171875,299.5054931640625,1580700
2022-09-12,300.3900146484375,300.4100036621094,291.79998779296875,296.9700012207031,296.11529541015625,1060900
2022-09-13,286.55999755859375,307.1199951171875,285.54998779296875,298.0899963378906,297.2320861816406,1957100
2022-09-14,296.4800109863281,308.239990234375,295.1000061035156,307.04998779296875,306.1662902832031,1590600
2022-09-15,302.1499938964844,303.8500061035156,286.4700012207031,286.75,286.29302978515625,1618900
2022-09-16,281.260009765625,288.04998779296875,277.0299987792969,287.32000732421875,286.86212158203125,1925100
2022-09-19,281.8500061035156,297.7099914550781,281.82000732421875,296.95001220703125,296.4767761230469,1134700
2022-09-20,293.3900146484375,294.0,284.30999755859375,287.6499938964844,287.19158935546875,903700
2022-09-21,290.80999755859375,297.5299987792969,284.8500061035156,285.0299987792969,284.5757751464844,995100
2022-09-22,289.1199951171875,289.8699951171875,270.739990234375,272.1499938964844,271.7162780761719,1576200
2022-09-23,265.0,269.8500061035156,260.30999755859375,269.45001220703125,269.0205993652344,1485300
2022-09-26,266.7900085449219,274.6099853515625,264.42999267578125,265.0299987792969,264.6076354980469,1256300
2022-09-27,271.19000244140625,276.3299865722656,265.0799865722656,269.67999267578125,269.2502136230469,1160400
2022-09-28,267.0,279.0,264.54998779296875,277.95001220703125,277.5070495605469,1179200
2022-09-29,273.82000732421875,274.0799865722656,262.1000061035156,265.44000244140625,265.0169982910156,1014400
2022-09-30,263.20001220703125,270.5299987792969,261.7300109863281,264.44000244140625,264.0185852050781,1078000
2022-10-03,270.75,275.7300109863281,262.3699951171875,273.7300109863281,273.2937927246094,1524700
2022-10-04,284.9100036621094,289.04998779296875,278.70001220703125,283.7799987792969,283.3277587890625,1266500
2022-10-05,280.4200134277344,281.1700134277344,268.69000244140625,276.79998779296875,276.3588562011719,1118800
2022-10-06,274.3900146484375,285.29998779296875,274.3900146484375,280.94000244140625,280.4922790527344,1359600
2022-10-07,276.4800109863281,276.9700012207031,266.2699890136719,272.5299987792969,272.0956726074219,1031600
2022-10-10,273.5400085449219,278.45001220703125,269.7300109863281,278.1000061035156,277.65679931640625,1030000
2022-10-11,274.1099853515625,275.8699951171875,267.54998779296875,272.989990234375,272.554931640625,1412400
2022-10-12,272.0,272.8299865722656,245.44000244140625,251.4499969482422,251.0492706298828,3589500
2022-10-13,237.5,257.94000244140625,231.6699981689453,256.0,255.59202575683594,2691200
2022-10-14,258.989990234375,261.0299987792969,236.8800048828125,237.47000122070312,237.091552734375,1985700
2022-10-17,245.02000427246094,251.41000366210938,243.6999969482422,248.02999877929688,247.6347198486328,1327600
2022-10-18,255.50999450683594,257.94000244140625,249.64999389648438,251.6699981689453,251.2689208984375,973900
2022-10-19,250.0,256.8299865722656,247.86000061035156,256.510009765625,256.1012268066406,1151200
2022-10-20,258.3299865722656,261.2200012207031,252.61000061035156,255.38999938964844,254.98300170898438,1067800
2022-10-21,255.97000122070312,271.3699951171875,254.50999450683594,270.010009765625,269.5797119140625,1318400
2022-10-24,269.0,270.8800048828125,258.8800048828125,270.57000732421875,270.1388244628906,991600
2022-10-25,270.04998779296875,282.2099914550781,268.8699951171875,281.42999267578125,280.98150634765625,1103500
2022-10-26,283.4200134277344,287.07000732421875,279.3900146484375,282.1499938964844,281.7003479003906,1051200
2022-10-27,284.0,284.5,274.29998779296875,282.1700134277344,281.7203369140625,1000200
2022-10-28,281.20001220703125,285.8299865722656,276.1199951171875,280.1600036621094,279.7135314941406,940600
2022-10-31,277.8800048828125,281.5299987792969,273.7300109863281,279.8699951171875,279.4239807128906,2300800
2022-11-01,285.6600036621094,287.8800048828125,278.8900146484375,279.0,278.55535888671875,1276200
2022-11-02,276.17999267578125,279.5,265.5,266.5199890136719,266.0952453613281,1594800
2022-11-03,253.0,278.5,250.5,274.55999755859375,274.1224365234375,2240900
2022-11-04,283.8900146484375,286.739990234375,275.44000244140625,284.989990234375,284.53582763671875,1480500
2022-11-07,286.82000732421875,288.2799987792969,281.67999267578125,286.489990234375,286.0334167480469,871800
2022-11-08,290.3399963378906,311.5299987792969,288.5199890136719,306.010009765625,305.5223388671875,2023100
2022-11-09,304.510009765625,310.5,297.5899963378906,300.1300048828125,299.6517028808594,1428100
2022-11-10,311.1199951171875,320.80999755859375,304.2799987792969,320.7699890136719,320.2587890625,1473300
2022-11-11,323.0,334.54998779296875,319.2300109863281,325.3800048828125,324.8614501953125,1421500
2022-11-14,322.75,323.7200012207031,309.6600036621094,316.3500061035156,315.8458557128906,1628600
2022-11-15,300.6700134277344,301.3299865722656,280.6000061035156,295.8599853515625,295.38848876953125,3161100
2022-11-16,295.3599853515625,296.739990234375,285.32000732421875,286.7699890136719,286.31298828125,1486600
2022-11-17,283.6400146484375,284.0,275.0199890136719,277.45001220703125,277.0078430175781,1683400
2022-11-18,281.0,281.0,274.3599853515625,276.9800109863281,276.5386047363281,1266200
2022-11-21,275.1600036621094,286.5299987792969,269.57000732421875,282.8800048828125,282.42919921875,1363100
2022-11-22,283.6600036621094,285.7699890136719,277.44000244140625,283.0899963378906,282.63885498046875,1239300
2022-11-23,282.0899963378906,289.0400085449219,279.82000732421875,283.8999938964844,283.44757080078125,994300
2022-11-25,276.79998779296875,277.67999267578125,266.7099914550781,272.82000732421875,272.3852233886719,1341900
2022-11-28,267.1700134277344,268.3900146484375,263.5,266.1099853515625,265.6859130859375,1662900
2022-11-29,269.1000061035156,274.4200134277344,266.3900146484375,270.0199890136719,269.58966064453125,1219000
2022-11-30,270.20001220703125,278.32000732421875,268.3500061035156,277.989990234375,277.5469665527344,1604800
2022-12-01,280.25,280.5199890136719,268.760009765625,275.2900085449219,274.8512878417969,1086100
2022-12-02,273.69000244140625,285.3999938964844,272.69000244140625,284.2799987792969,283.82696533203125,1178200
2022-12-05,281.3599853515625,282.3599853515625,265.1199951171875,265.2300109863281,264.8073425292969,1872000
2022-12-06,267.3800048828125,267.3800048828125,255.38999938964844,257.989990234375,257.578857421875,1775700
2022-12-07,260.7300109863281,265.3800048828125,256.57000732421875,257.6099853515625,257.1994323730469,1240400
2022-12-08,263.6600036621094,263.6600036621094,254.35000610351562,256.0299987792969,255.62197875976562,1412600
2022-12-09,256.9700012207031,257.7200012207031,252.3699951171875,253.25,252.84640502929688,1186400
2022-12-12,252.3699951171875,261.1000061035156,250.58999633789062,259.3599853515625,258.9466552734375,1243500
2022-12-13,268.8500061035156,269.0,259.54998779296875,261.9100036621094,261.49261474609375,940800
2022-12-14,260.4700012207031,263.0799865722656,246.66000366210938,247.86000061035156,247.46499633789062,1988600
2022-12-15,240.72999572753906,246.58999633789062,237.77000427246094,240.5,240.5,1955800
2022-12-16,238.72000122070312,244.58999633789062,236.91000366210938,242.86000061035156,242.86000061035156,2508600
2022-12-19,242.75,243.1300048828125,231.2899932861328,233.33999633789062,233.33999633789062,1271400
2022-12-20,230.1199951171875,236.2899932861328,229.07000732421875,233.5,233.5,1033700
2022-12-21,234.2899932861328,237.6999969482422,227.0500030517578,232.6300048828125,232.6300048828125,1381400
2022-12-22,229.13999938964844,229.3800048828125,222.13999938964844,225.97999572753906,225.97999572753906,1228600
2022-12-23,224.47999572753906,227.16000366210938,221.24000549316406,226.9600067138672,226.9600067138672,678700
2022-12-27,225.2899932861328,226.1699981689453,213.52000427246094,214.16000366210938,214.16000366210938,1871700
2022-12-28,213.44000244140625,217.02000427246094,210.4199981689453,214.0399932861328,214.0399932861328,1754800
2022-12-29,217.8699951171875,221.85000610351562,216.8699951171875,217.47000122070312,217.47000122070312,1285600
2022-12-30,215.13999938964844,218.47999572753906,213.60000610351562,216.86000061035156,216.86000061035156,951000
